quartile,mean_profit,lambda_may
0.1,-4012.430032811519,0
0.1,-4012.388000880635,0
0.1,-4012.483889416725,0
0.1,-4012.558011404594,0
0.1,-4012.4915336997315,0
0.1,-4012.4103451088235,0
0.1,-4012.5113258079577,0
0.1,-4012.461756651972,0
0.1,-4012.430481168263,0
0.1,-4012.572692329707,0
0.1,-4012.560998507608,0
0.1,-4012.5123138083286,0
0.1,-4012.4459192538147,0
0.1,-4012.438728788515,0
0.1,-4012.459401492683,0
0.1,-4012.491796421479,0
0.1,-4012.5237614896955,0
0.1,-4012.568125754862,0
0.1,-4012.4798354946083,0
0.1,-4012.4453724380287,0
0.1,-4012.4808050844376,0
0.1,-4012.520995027878,0
0.1,-4012.5055741880233,0
0.1,-4012.452894705243,0
0.1,-4012.520059191083,0
0.1,-4012.5219005202084,0
0.1,-4012.5581913328374,0
0.1,-4012.466340896637,0
0.1,-4012.4735538718364,0
0.1,-4012.4377748967095,0
0.1,-4012.5148138271156,0
0.1,-4012.4852264283127,0
0.1,-4012.437692307015,0
0.1,-4012.469744044996,0
0.1,-4012.526462753187,0
0.1,-4012.5797751417113,0
0.1,-4012.501545993475,0
0.1,-4012.453256716567,0
0.1,-4012.504422851621,0
0.1,-4012.576549017342,0
0.1,-4012.5852622501798,0
0.1,-4012.4290369713995,0
0.1,-4012.4801383467407,0
0.1,-4012.391332516448,0
0.1,-4012.5837281551576,0
0.1,-4012.4933473749174,0
0.1,-4012.4187498712968,0
0.1,-4012.552252644724,0
0.1,-4012.4592828931213,0
0.1,-4012.468681255438,0
0.1,-4012.4457242512626,0
0.1,-4012.4903566652656,0
0.1,-4012.561561534416,0
0.1,-4012.4974863242837,0
0.1,-4012.3717143214712,0
0.1,-4012.4196287460927,0
0.1,-4012.449054279099,0
0.1,-4012.4243477577793,0
0.1,-4012.466166168039,0
0.1,-4012.5606914154614,0
0.1,-4012.6057022462505,0
0.1,-4012.530479286637,0
0.1,-4012.4674160786044,0
0.1,-4012.530920396276,0
0.1,-4012.460006635782,0
0.1,-4012.4673105502993,0
0.1,-4012.573479845047,0
0.1,-4012.5050096540194,0
0.1,-4012.5320406722503,0
0.1,-4012.5283279598484,0
0.1,-4012.48210435191,0
0.1,-4012.514755756335,0
0.1,-4012.355589240055,0
0.1,-4012.4531468971486,0
0.1,-4012.49906903295,0
0.1,-4012.414138283667,0
0.1,-4012.547495233726,0
0.1,-4012.535160427424,0
0.1,-4012.522229320045,0
0.1,-4012.483131364729,0
0.1,-4012.5105836700545,0
0.1,-4012.5435143300842,0
0.1,-4012.4088323675733,0
0.1,-4012.5183959667006,0
0.1,-4012.54416110336,0
0.1,-4012.545569131288,0
0.1,-4012.4625347065894,0
0.1,-4012.488850534749,0
0.1,-4012.4107487499423,0
0.1,-4012.548731740838,0
0.1,-4012.4906219593545,0
0.1,-4012.506608439731,0
0.1,-4012.479777655639,0
0.1,-4012.5809573849783,0
0.1,-4012.481350765275,0
0.1,-4012.4003463522686,0
0.1,-4012.5344822325724,0
0.1,-4012.562873240229,0
0.1,-4012.586299306151,0
0.1,-4012.4339467033983,0
0.2,-4012.7682394107746,0
0.2,-4012.8219254165956,0
0.2,-4012.9374365239564,0
0.2,-4012.816826180726,0
0.2,-4012.83780284234,0
0.2,-4012.8045378282163,0
0.2,-4012.7511484401666,0
0.2,-4012.865568992128,0
0.2,-4012.8235729632493,0
0.2,-4012.8491734535705,0
0.2,-4012.8332639196733,0
0.2,-4012.8532906271616,0
0.2,-4012.8415375910336,0
0.2,-4012.6767265309945,0
0.2,-4012.905974735121,0
0.2,-4012.8889165647656,0
0.2,-4012.795544001595,0
0.2,-4012.850108443781,0
0.2,-4012.9495843756868,0
0.2,-4012.719442582057,0
0.2,-4012.800170008598,0
0.2,-4012.768278409067,0
0.2,-4012.7969918750305,0
0.2,-4012.890410745108,0
0.2,-4012.901625495598,0
0.2,-4012.7487246237224,0
0.2,-4012.7644230468554,0
0.2,-4012.8763633553176,0
0.2,-4012.8552605370364,0
0.2,-4012.7089108329606,0
0.2,-4012.9208498766093,0
0.2,-4012.83483965814,0
0.2,-4012.911350830391,0
0.2,-4012.802809057686,0
0.2,-4012.8381455850335,0
0.2,-4012.8727590909166,0
0.2,-4012.8789572535593,0
0.2,-4012.8669979321694,0
0.2,-4012.8391247122618,0
0.2,-4012.792582269874,0
0.2,-4012.80561909762,0
0.2,-4012.847582959584,0
0.2,-4012.952081271553,0
0.2,-4012.8190225393637,0
0.2,-4012.8537716552587,0
0.2,-4012.7529949009636,0
0.2,-4012.9108311075966,0
0.2,-4012.8370788794323,0
0.2,-4012.8416327062,0
0.2,-4012.8394273002223,0
0.2,-4012.8187293679102,0
0.2,-4012.8449954614225,0
0.2,-4012.9213401252277,0
0.2,-4012.9295704917145,0
0.2,-4012.778808357758,0
0.2,-4012.9742254188045,0
0.2,-4012.908138988209,0
0.2,-4012.89208306418,0
0.2,-4012.83230027626,0
0.2,-4012.666417535503,0
0.2,-4012.8325746965543,0
0.2,-4012.8835505044376,0
0.2,-4012.8268369743073,0
0.2,-4012.809678333624,0
0.2,-4012.8152314754816,0
0.2,-4012.907812229528,0
0.2,-4012.7550917333065,0
0.2,-4012.899760414845,0
0.2,-4012.8213107786332,0
0.2,-4012.792709301653,0
0.2,-4012.9353963792505,0
0.2,-4012.913751456856,0
0.2,-4012.8535558496997,0
0.2,-4012.8272370112286,0
0.2,-4012.8773553925525,0
0.2,-4012.810134456595,0
0.2,-4012.851654844586,0
0.2,-4012.713144821671,0
0.2,-4013.0060409320854,0
0.2,-4012.779139542874,0
0.2,-4012.8789935622567,0
0.2,-4012.890513680257,0
0.2,-4012.8905988094975,0
0.2,-4012.903207244167,0
0.2,-4012.8312722239652,0
0.2,-4012.862339296629,0
0.2,-4012.84598524185,0
0.2,-4012.624368618286,0
0.2,-4012.813453994049,0
0.2,-4012.907908316495,0
0.2,-4012.7477963345164,0
0.2,-4012.874127218992,0
0.2,-4012.785138915851,0
0.2,-4012.9042159663004,0
0.2,-4012.8249310852284,0
0.2,-4012.908638878261,0
0.2,-4012.8253110393,0
0.2,-4012.7858377875673,0
0.2,-4012.8225270553285,0
0.2,-4012.89027029287,0
0.3,-4012.7092127354445,0
0.3,-4012.6900633200603,0
0.3,-4012.7965589462624,0
0.3,-4012.9636126170503,0
0.3,-4012.6988770915473,0
0.3,-4012.659984043673,0
0.3,-4012.734763557344,0
0.3,-4012.7908369557167,0
0.3,-4012.817597624293,0
0.3,-4012.793075882371,0
0.3,-4012.806365595646,0
0.3,-4012.830120583906,0
0.3,-4012.870925290645,0
0.3,-4012.8556054102346,0
0.3,-4012.8233116825113,0
0.3,-4012.7263342757883,0
0.3,-4012.7645696088025,0
0.3,-4012.659213909011,0
0.3,-4012.8519943770593,0
0.3,-4012.5418522766117,0
0.3,-4012.673132391746,0
0.3,-4012.8578949980674,0
0.3,-4012.907675107948,0
0.3,-4013.002751959557,0
0.3,-4012.771387222759,0
0.3,-4013.04711377919,0
0.3,-4012.705130457612,0
0.3,-4012.703938905318,0
0.3,-4012.5670908952115,0
0.3,-4012.940818287298,0
0.3,-4012.7920307811587,0
0.3,-4012.5645629034684,0
0.3,-4012.707011143758,0
0.3,-4012.811114123457,0
0.3,-4012.6824418156457,0
0.3,-4012.740563218784,0
0.3,-4012.8608031707913,0
0.3,-4012.733381119519,0
0.3,-4012.6722243351405,0
0.3,-4012.7525956457325,0
0.3,-4012.7260647245207,0
0.3,-4012.8584543596758,0
0.3,-4012.7806560349554,0
0.3,-4012.6276164331525,0
0.3,-4012.693662410742,0
0.3,-4012.9959500828772,0
0.3,-4012.8029292320143,0
0.3,-4012.7462254847433,0
0.3,-4012.7014705422807,0
0.3,-4012.897593678728,0
0.3,-4012.7462166357486,0
0.3,-4012.605331674955,0
0.3,-4012.7135468780502,0
0.3,-4012.736970130513,0
0.3,-4012.756390214717,0
0.3,-4012.9322770942863,0
0.3,-4012.7951461792763,0
0.3,-4012.737849867607,0
0.3,-4013.065240300901,0
0.3,-4012.582605195967,0
0.3,-4012.6379566752967,0
0.3,-4012.6900652264803,0
0.3,-4013.0765623074817,0
0.3,-4012.672342035026,0
0.3,-4012.78954138706,0
0.3,-4012.6492793493217,0
0.3,-4012.777813345302,0
0.3,-4012.6546130184656,0
0.3,-4012.730983939864,0
0.3,-4012.6358327271655,0
0.3,-4012.5822776126056,0
0.3,-4012.724679960897,0
0.3,-4012.669506174138,0
0.3,-4012.498412998735,0
0.3,-4012.733592068067,0
0.3,-4013.058086446569,0
0.3,-4012.6704547615013,0
0.3,-4012.728725307053,0
0.3,-4012.675344991454,0
0.3,-4012.778728038764,0
0.3,-4012.6666764071383,0
0.3,-4012.8435373857956,0
0.3,-4012.631786291335,0
0.3,-4012.712904332037,0
0.3,-4012.7406906385627,0
0.3,-4012.7955723143723,0
0.3,-4012.7010883793632,0
0.3,-4012.696999223734,0
0.3,-4012.5979773662193,0
0.3,-4012.6275366863074,0
0.3,-4012.5112560131124,0
0.3,-4012.710527799816,0
0.3,-4012.775640209841,0
0.3,-4012.6032005986117,0
0.3,-4012.885057125353,0
0.3,-4013.0072516117098,0
0.3,-4012.6436801728814,0
0.3,-4012.9493825660215,0
0.3,-4012.7514571872875,0
0.3,-4012.8163522309455,0
0.4,-4014.444844422333,0
0.4,-4014.4099817832507,0
0.4,-4014.0264736264294,0
0.4,-4014.3425155495715,0
0.4,-4013.963628260238,0
0.4,-4014.390242223499,0
0.4,-4014.4196427406478,0
0.4,-4014.2481136037118,0
0.4,-4013.8147533929473,0
0.4,-4014.3727464216445,0
0.4,-4014.3918693119103,0
0.4,-4014.1564000919993,0
0.4,-4014.705123885389,0
0.4,-4014.0185331101497,0
0.4,-4014.404589170283,0
0.4,-4014.1681913324896,0
0.4,-4014.426581795187,0
0.4,-4014.5349167462773,0
0.4,-4014.362634421191,0
0.4,-4014.171035683985,0
0.4,-4014.3182060054883,0
0.4,-4014.218509521621,0
0.4,-4014.1934734947426,0
0.4,-4014.3800006996307,0
0.4,-4014.017454590636,0
0.4,-4014.301111231176,0
0.4,-4014.1632086074565,0
0.4,-4014.7034572406105,0
0.4,-4014.4080624857984,0
0.4,-4014.0844398036816,0
0.4,-4014.351139750333,0
0.4,-4014.1285395489886,0
0.4,-4014.499894701033,0
0.4,-4014.6135108397007,0
0.4,-4014.402353823307,0
0.4,-4014.1988131344233,0
0.4,-4014.1288252415675,0
0.4,-4014.416692862624,0
0.4,-4014.4254063776243,0
0.4,-4014.2245021507238,0
0.4,-4014.318109012548,0
0.4,-4014.521785661317,0
0.4,-4014.310586562089,0
0.4,-4014.494962538439,0
0.4,-4014.421181337244,0
0.4,-4014.4007547882966,0
0.4,-4013.9390666891995,0
0.4,-4014.38940902372,0
0.4,-4014.1758796112613,0
0.4,-4014.5220005223455,0
0.4,-4014.8685429746615,0
0.4,-4014.4992387937114,0
0.4,-4014.2524093772768,0
0.4,-4014.612140293206,0
0.4,-4014.3271946024834,0
0.4,-4014.448236310888,0
0.4,-4014.1807637510074,0
0.4,-4014.202919246551,0
0.4,-4014.0126037513696,0
0.4,-4014.5102805100028,0
0.4,-4014.436712976044,0
0.4,-4014.1524316519667,0
0.4,-4014.4518305522593,0
0.4,-4014.4167007835263,0
0.4,-4014.34206627103,0
0.4,-4014.125888305357,0
0.4,-4014.2404154731953,0
0.4,-4014.44935582817,0
0.4,-4014.5952764036406,0
0.4,-4014.5406218039893,0
0.4,-4014.4060511529997,0
0.4,-4014.463197853504,0
0.4,-4014.3257459611277,0
0.4,-4014.4135818490977,0
0.4,-4014.2636041112078,0
0.4,-4013.8833779557467,0
0.4,-4014.606380904033,0
0.4,-4014.4377209196577,0
0.4,-4014.2197339227964,0
0.4,-4014.7773948898825,0
0.4,-4014.475273376214,0
0.4,-4014.287422075262,0
0.4,-4014.5916946834013,0
0.4,-4014.042813367775,0
0.4,-4014.637236920389,0
0.4,-4014.356135674621,0
0.4,-4014.214109090403,0
0.4,-4014.18673453332,0
0.4,-4014.1105313884996,0
0.4,-4014.195130628574,0
0.4,-4014.7107017138655,0
0.4,-4014.2950809596578,0
0.4,-4014.67570683513,0
0.4,-4014.4134364008587,0
0.4,-4014.3469215742784,0
0.4,-4014.4586541070707,0
0.4,-4013.987695625131,0
0.4,-4014.631994226464,0
0.4,-4014.2101848055354,0
0.4,-4014.9771596094893,0
0.5,-4013.0493427046827,0
0.5,-4013.34909702272,0
0.5,-4013.129553262194,0
0.5,-4012.9650354401483,0
0.5,-4013.066709103394,0
0.5,-4013.115595712496,0
0.5,-4013.0900725296965,0
0.5,-4013.1408055227103,0
0.5,-4013.061863313283,0
0.5,-4013.2758123096182,0
0.5,-4013.1280814262245,0
0.5,-4013.1030976679726,0
0.5,-4013.1283370668893,0
0.5,-4012.9232807172652,0
0.5,-4013.1583691744604,0
0.5,-4013.0366085956207,0
0.5,-4013.085315849153,0
0.5,-4013.321287057336,0
0.5,-4013.169183767807,0
0.5,-4013.2688549514532,0
0.5,-4013.195939134541,0
0.5,-4013.2318968992904,0
0.5,-4013.170143222911,0
0.5,-4013.2504185659727,0
0.5,-4013.0158554298087,0
0.5,-4013.0895003500377,0
0.5,-4013.059087416476,0
0.5,-4012.9410351122087,0
0.5,-4013.092731214075,0
0.5,-4013.1032861385893,0
0.5,-4013.0273236830694,0
0.5,-4013.039216004106,0
0.5,-4013.022005661411,0
0.5,-4013.1889684167045,0
0.5,-4013.0548086344957,0
0.5,-4013.2825927800804,0
0.5,-4013.207697367669,0
0.5,-4013.1514027912685,0
0.5,-4013.0888237273834,0
0.5,-4013.2699057105146,0
0.5,-4013.076370040902,0
0.5,-4013.220961508859,0
0.5,-4013.1038574305967,0
0.5,-4012.90848428954,0
0.5,-4013.2166331857293,0
0.5,-4013.1186144796347,0
0.5,-4013.3637731588938,0
0.5,-4013.1843171170117,0
0.5,-4013.214531619182,0
0.5,-4013.229247810355,0
0.5,-4013.0973130225384,0
0.5,-4013.124226351012,0
0.5,-4012.9925660471295,0
0.5,-4013.336776388771,0
0.5,-4013.069350705272,0
0.5,-4013.1023013568324,0
0.5,-4013.1874868720984,0
0.5,-4013.184144166534,0
0.5,-4012.9692797483744,0
0.5,-4013.2190025000873,0
0.5,-4013.155118288115,0
0.5,-4013.086950886468,0
0.5,-4013.17048850963,0
0.5,-4013.1131004739455,0
0.5,-4013.2038393573375,0
0.5,-4013.162783419547,0
0.5,-4013.2321374924804,0
0.5,-4013.2148036291464,0
0.5,-4013.218226012825,0
0.5,-4013.2344894617736,0
0.5,-4013.230196424466,0
0.5,-4012.9279161245695,0
0.5,-4013.2364974325506,0
0.5,-4013.3575987505255,0
0.5,-4013.2979286216614,0
0.5,-4013.179634553073,0
0.5,-4013.216323222674,0
0.5,-4013.2063885826797,0
0.5,-4013.0380965200825,0
0.5,-4013.1550506584326,0
0.5,-4012.95551934052,0
0.5,-4013.218762662386,0
0.5,-4013.1603552462034,0
0.5,-4013.1867093845167,0
0.5,-4013.285176690067,0
0.5,-4013.258093808639,0
0.5,-4013.360262360789,0
0.5,-4013.1585722098644,0
0.5,-4013.0750145482275,0
0.5,-4013.347555034347,0
0.5,-4013.05004714451,0
0.5,-4013.1738656216385,0
0.5,-4013.2004490813197,0
0.5,-4012.8992969853884,0
0.5,-4013.316887247144,0
0.5,-4013.3153322376506,0
0.5,-4013.24868203122,0
0.5,-4013.2480519204028,0
0.5,-4013.0451574159724,0
0.5,-4013.273196024666,0
0.6,-4013.2631436494703,0
0.6,-4014.059185924965,0
0.6,-4013.6077973258084,0
0.6,-4013.8789021509097,0
0.6,-4014.0981027862385,0
0.6,-4014.008159569084,0
0.6,-4013.8763022733365,0
0.6,-4013.7883938085324,0
0.6,-4014.0135881981428,0
0.6,-4013.544757466813,0
0.6,-4013.916631925863,0
0.6,-4013.7636046075613,0
0.6,-4013.5451263552955,0
0.6,-4013.4477187982634,0
0.6,-4012.9756613830473,0
0.6,-4013.5642545365286,0
0.6,-4013.2476220255553,0
0.6,-4013.363822670532,0
0.6,-4013.9126126718093,0
0.6,-4013.460191367817,0
0.6,-4014.2324510457393,0
0.6,-4014.008172835603,0
0.6,-4014.2449415230785,0
0.6,-4014.640466352663,0
0.6,-4013.901808652191,0
0.6,-4013.349429504033,0
0.6,-4013.98856869772,0
0.6,-4013.8511185813004,0
0.6,-4014.58758494283,0
0.6,-4014.266212406913,0
0.6,-4013.743880652405,0
0.6,-4014.0397424749285,0
0.6,-4013.5748385747916,0
0.6,-4014.1561934441797,0
0.6,-4013.3209384067222,0
0.6,-4013.577429106439,0
0.6,-4014.1650948805604,0
0.6,-4013.8106522684006,0
0.6,-4014.1033277571146,0
0.6,-4013.48316014615,0
0.6,-4013.8458343792836,0
0.6,-4013.866819378376,0
0.6,-4013.434773794069,0
0.6,-4014.0198740627998,0
0.6,-4013.3571793741958,0
0.6,-4013.6829854266566,0
0.6,-4013.8043075430296,0
0.6,-4013.8067610526314,0
0.6,-4013.6392129957094,0
0.6,-4013.9072060485832,0
0.6,-4013.636563236096,0
0.6,-4013.1625059026696,0
0.6,-4014.0752442902226,0
0.6,-4013.730155301145,0
0.6,-4013.657694914587,0
0.6,-4013.142141545503,0
0.6,-4013.2414990408365,0
0.6,-4014.2559456211607,0
0.6,-4013.466721522078,0
0.6,-4014.580102341951,0
0.6,-4014.021772142045,0
0.6,-4013.8502418107964,0
0.6,-4013.7511939546853,0
0.6,-4013.1917882581524,0
0.6,-4013.589402001633,0
0.6,-4013.6519980987814,0
0.6,-4013.7420381392185,0
0.6,-4013.4431107621094,0
0.6,-4014.583427335654,0
0.6,-4013.73175141675,0
0.6,-4013.7445524437085,0
0.6,-4014.201667811985,0
0.6,-4013.3297930714994,0
0.6,-4013.892963168441,0
0.6,-4013.766850614331,0
0.6,-4013.810414074077,0
0.6,-4014.327742190293,0
0.6,-4013.554443161986,0
0.6,-4014.1998302841444,0
0.6,-4013.8973663414786,0
0.6,-4014.5069788460632,0
0.6,-4014.1129096620484,0
0.6,-4013.591807386631,0
0.6,-4013.881161322867,0
0.6,-4013.642597641863,0
0.6,-4013.537141918929,0
0.6,-4013.749090195269,0
0.6,-4013.4307092839636,0
0.6,-4013.8021425672714,0
0.6,-4014.0852331111755,0
0.6,-4014.176172706475,0
0.6,-4013.201249165844,0
0.6,-4013.4081748993844,0
0.6,-4013.8423553518337,0
0.6,-4014.6111416451226,0
0.6,-4014.18148735529,0
0.6,-4013.438901801264,0
0.6,-4013.4020654583246,0
0.6,-4013.499276904474,0
0.6,-4013.888528203469,0
0.7,-4014.09154980726,0
0.7,-4014.6467507880147,0
0.7,-4014.7956031887657,0
0.7,-4015.2963940028058,0
0.7,-4014.526788593384,0
0.7,-4014.8955746124593,0
0.7,-4015.104830614316,0
0.7,-4015.0844633652973,0
0.7,-4014.549794889417,0
0.7,-4014.4680831173646,0
0.7,-4015.22681700545,0
0.7,-4015.012795086127,0
0.7,-4014.6477343376437,0
0.7,-4015.6444080544925,0
0.7,-4015.039380081666,0
0.7,-4014.9815169073427,0
0.7,-4014.8923728794325,0
0.7,-4014.52671824164,0
0.7,-4014.9038706833917,0
0.7,-4014.4552951268856,0
0.7,-4014.2115001484785,0
0.7,-4014.5176171939756,0
0.7,-4014.899803757075,0
0.7,-4015.010320866182,0
0.7,-4014.648954480998,0
0.7,-4014.9754878539225,0
0.7,-4014.923984580927,0
0.7,-4014.983203713565,0
0.7,-4015.737396726333,0
0.7,-4014.41885159911,0
0.7,-4014.4142913223936,0
0.7,-4015.371190450006,0
0.7,-4014.16859281931,0
0.7,-4014.676112858055,0
0.7,-4014.840382599783,0
0.7,-4014.730153073493,0
0.7,-4014.688962019843,0
0.7,-4014.436707826109,0
0.7,-4014.317070995593,0
0.7,-4015.02096521189,0
0.7,-4014.6141274981355,0
0.7,-4013.7240698004157,0
0.7,-4014.702258014183,0
0.7,-4014.351941667184,0
0.7,-4015.458694404814,0
0.7,-4014.859081245052,0
0.7,-4014.925361198279,0
0.7,-4015.2887750081213,0
0.7,-4015.0209574786277,0
0.7,-4014.27758040647,0
0.7,-4014.8987576151776,0
0.7,-4014.296879792658,0
0.7,-4015.6322138546384,0
0.7,-4014.424349109801,0
0.7,-4014.5627420310334,0
0.7,-4015.235817664953,0
0.7,-4014.446465810736,0
0.7,-4015.0995958379835,0
0.7,-4014.3991731091414,0
0.7,-4014.047637206629,0
0.7,-4015.140598093814,0
0.7,-4014.8137431737373,0
0.7,-4014.615527028395,0
0.7,-4015.233242455758,0
0.7,-4015.454032635543,0
0.7,-4014.9101963349035,0
0.7,-4014.625088727214,0
0.7,-4015.416528117428,0
0.7,-4015.6013115522264,0
0.7,-4014.852217544684,0
0.7,-4015.294105371875,0
0.7,-4014.920324627938,0
0.7,-4014.4913539528,0
0.7,-4014.9261910608448,0
0.7,-4014.883497110879,0
0.7,-4014.713868289909,0
0.7,-4014.8468379001647,0
0.7,-4014.226889556123,0
0.7,-4013.8938448872586,0
0.7,-4014.6726918562576,0
0.7,-4015.0996504301684,0
0.7,-4015.053326149901,0
0.7,-4015.471647638764,0
0.7,-4014.988305448467,0
0.7,-4014.501344117294,0
0.7,-4014.1771529343737,0
0.7,-4014.3698015414257,0
0.7,-4014.5036435269817,0
0.7,-4014.438059911208,0
0.7,-4015.514565432602,0
0.7,-4015.1124060905113,0
0.7,-4015.677021794103,0
0.7,-4014.8616478536755,0
0.7,-4015.384106600026,0
0.7,-4014.5996847299375,0
0.7,-4014.7422455544643,0
0.7,-4014.9782127984054,0
0.7,-4014.3469766600783,0
0.7,-4014.3850954840423,0
0.7,-4015.1114732874853,0
0.8,-4014.4773292443733,0
0.8,-4014.3264366493772,0
0.8,-4014.2558393420422,0
0.8,-4013.83434622735,0
0.8,-4014.353434969636,0
0.8,-4014.3899088008557,0
0.8,-4014.771399575996,0
0.8,-4014.28101409099,0
0.8,-4014.2555436054377,0
0.8,-4014.2931718566983,0
0.8,-4014.5856170455886,0
0.8,-4014.481449055848,0
0.8,-4014.297196561464,0
0.8,-4014.4861945792277,0
0.8,-4014.334484142782,0
0.8,-4014.2301899193826,0
0.8,-4014.2631089951096,0
0.8,-4014.3224784497393,0
0.8,-4014.333708967956,0
0.8,-4014.475433811318,0
0.8,-4014.325688315027,0
0.8,-4014.8022739386483,0
0.8,-4014.4919072058983,0
0.8,-4014.2587572391776,0
0.8,-4014.364564190275,0
0.8,-4014.3460429482334,0
0.8,-4014.2400440857655,0
0.8,-4014.8175927173224,0
0.8,-4014.2697194824555,0
0.8,-4014.3574839658404,0
0.8,-4014.2371920778705,0
0.8,-4014.248200760654,0
0.8,-4014.3263275655913,0
0.8,-4014.2998266039936,0
0.8,-4014.39223797899,0
0.8,-4014.3694840322455,0
0.8,-4013.959939386094,0
0.8,-4014.459883807086,0
0.8,-4014.8126957917425,0
0.8,-4014.4807110285856,0
0.8,-4014.209378014886,0
0.8,-4014.603619273838,0
0.8,-4014.619008655919,0
0.8,-4014.397156447122,0
0.8,-4014.339198919294,0
0.8,-4014.483591825976,0
0.8,-4014.5340667933797,0
0.8,-4014.3936285575573,0
0.8,-4014.3057383201703,0
0.8,-4014.4295949132793,0
0.8,-4014.288660370787,0
0.8,-4014.4477676809124,0
0.8,-4014.384854730602,0
0.8,-4014.3597392871657,0
0.8,-4014.219186772521,0
0.8,-4014.3686712931894,0
0.8,-4014.5596147228966,0
0.8,-4014.2595658569803,0
0.8,-4014.3637879043313,0
0.8,-4014.311526637294,0
0.8,-4014.300133767863,0
0.8,-4014.159774153065,0
0.8,-4014.309131603757,0
0.8,-4014.3530904803747,0
0.8,-4014.258615253022,0
0.8,-4014.308078136383,0
0.8,-4014.3962455955543,0
0.8,-4014.2517160057123,0
0.8,-4014.563338754844,0
0.8,-4014.3138142979797,0
0.8,-4014.3469580773312,0
0.8,-4014.3556257318232,0
0.8,-4014.416345546717,0
0.8,-4014.3095484581872,0
0.8,-4014.5468049449923,0
0.8,-4014.375896491294,0
0.8,-4014.3503072466624,0
0.8,-4014.179115435168,0
0.8,-4014.884281428761,0
0.8,-4014.6982949993585,0
0.8,-4014.2376332869303,0
0.8,-4014.712329361067,0
0.8,-4014.3122440323255,0
0.8,-4014.203531395306,0
0.8,-4014.39063114169,0
0.8,-4014.3193255573524,0
0.8,-4014.2866835419027,0
0.8,-4014.179356118414,0
0.8,-4014.3763395538313,0
0.8,-4014.314451480555,0
0.8,-4014.4074109317808,0
0.8,-4014.4717148625523,0
0.8,-4014.3922663910357,0
0.8,-4014.252056171618,0
0.8,-4014.2844645883138,0
0.8,-4014.4108095368715,0
0.8,-4014.3530587354257,0
0.8,-4014.3182172665097,0
0.8,-4014.2049411662033,0
0.8,-4014.2511455921317,0
0.9,-4013.2254769019946,0
0.9,-4013.245685740034,0
0.9,-4013.327456263753,0
0.9,-4013.3004825052653,0
0.9,-4013.257498732779,0
0.9,-4013.2193251521903,0
0.9,-4013.1154689420387,0
0.9,-4013.1219982532675,0
0.9,-4013.1290021930413,0
0.9,-4012.970682483607,0
0.9,-4013.2553208973445,0
0.9,-4013.2564597728624,0
0.9,-4013.2998267053654,0
0.9,-4013.1766640736546,0
0.9,-4013.2645301179664,0
0.9,-4013.2498576669436,0
0.9,-4013.216980319459,0
0.9,-4013.317994695802,0
0.9,-4013.2758168465307,0
0.9,-4013.262607821174,0
0.9,-4013.250346821344,0
0.9,-4013.1569591950524,0
0.9,-4012.626736220568,0
0.9,-4013.207963670559,0
0.9,-4013.3173204373784,0
0.9,-4013.250761561266,0
0.9,-4013.2375471985793,0
0.9,-4013.0682649898918,0
0.9,-4013.1402921465383,0
0.9,-4013.286204251705,0
0.9,-4013.318946919042,0
0.9,-4013.2693875561013,0
0.9,-4013.3317452124884,0
0.9,-4013.2577521128096,0
0.9,-4013.1207685601935,0
0.9,-4013.162296566903,0
0.9,-4013.201489260898,0
0.9,-4013.2829288507087,0
0.9,-4012.8275502130764,0
0.9,-4013.0933796449394,0
0.9,-4012.778393205522,0
0.9,-4013.289395459901,0
0.9,-4013.2099299466086,0
0.9,-4013.242578241677,0
0.9,-4013.3402492638115,0
0.9,-4013.346599990829,0
0.9,-4013.247160584416,0
0.9,-4013.0843366386007,0
0.9,-4012.999554475052,0
0.9,-4013.3369265377796,0
0.9,-4013.12958792092,0
0.9,-4013.279139691803,0
0.9,-4013.2772284032826,0
0.9,-4013.271272144829,0
0.9,-4013.344793534178,0
0.9,-4012.866460085072,0
0.9,-4013.1649729295823,0
0.9,-4013.215866140589,0
0.9,-4013.214366838228,0
0.9,-4013.1201159733173,0
0.9,-4013.25537069149,0
0.9,-4013.2414483125604,0
0.9,-4013.2707824720783,0
0.9,-4013.179413071953,0
0.9,-4013.212855687158,0
0.9,-4013.086522073426,0
0.9,-4013.3371847290664,0
0.9,-4013.337248803639,0
0.9,-4013.213380785106,0
0.9,-4013.249718545986,0
0.9,-4012.897950616252,0
0.9,-4013.2172616211847,0
0.9,-4012.874754665141,0
0.9,-4013.2508966151418,0
0.9,-4013.2615449112263,0
0.9,-4013.15746074949,0
0.9,-4013.10117512266,0
0.9,-4013.2023173262437,0
0.9,-4013.275050249829,0
0.9,-4012.8856119213187,0
0.9,-4013.373244786731,0
0.9,-4012.948271728187,0
0.9,-4013.078241206657,0
0.9,-4013.2559765175115,0
0.9,-4013.084318751162,0
0.9,-4013.0546611038944,0
0.9,-4013.2807471090587,0
0.9,-4012.847209817157,0
0.9,-4013.134147348397,0
0.9,-4013.3236970793646,0
0.9,-4012.878264818498,0
0.9,-4012.9369714521954,0
0.9,-4012.8378685807497,0
0.9,-4012.9033190790906,0
0.9,-4013.3513170934684,0
0.9,-4013.019869132599,0
0.9,-4013.24466791944,0
0.9,-4013.2166405810544,0
0.9,-4013.089335947363,0
0.9,-4013.162496108753,0
1.0,-4013.7801510174504,0
1.0,-4013.525206129611,0
1.0,-4013.842149239327,0
1.0,-4013.072684936393,0
1.0,-4014.077894980225,0
1.0,-4013.6092538698786,0
1.0,-4013.9545106908417,0
1.0,-4014.0574176607715,0
1.0,-4014.0883659435112,0
1.0,-4014.0187736857597,0
1.0,-4013.3772877427755,0
1.0,-4013.990363993609,0
1.0,-4013.8107564679476,0
1.0,-4013.7772247384482,0
1.0,-4013.9000873803525,0
1.0,-4013.856638919373,0
1.0,-4013.7564033085714,0
1.0,-4013.8805335348984,0
1.0,-4013.360206700437,0
1.0,-4013.517058668442,0
1.0,-4013.383236901248,0
1.0,-4013.334935216331,0
1.0,-4013.4655440891056,0
1.0,-4013.276923190757,0
1.0,-4013.941154864005,0
1.0,-4013.6472996207376,0
1.0,-4013.5869137601003,0
1.0,-4013.8821887072763,0
1.0,-4013.9386276029327,0
1.0,-4013.329149821294,0
1.0,-4013.303303301079,0
1.0,-4013.4530567920947,0
1.0,-4013.7557713510305,0
1.0,-4013.7663736845016,0
1.0,-4014.0642827043007,0
1.0,-4013.8347535404664,0
1.0,-4013.9562127973254,0
1.0,-4014.0096604338,0
1.0,-4013.6350623055127,0
1.0,-4013.769264818607,0
1.0,-4013.69588439264,0
1.0,-4013.8270693840545,0
1.0,-4013.9546804919532,0
1.0,-4013.70930243383,0
1.0,-4013.88874870504,0
1.0,-4013.90733883162,0
1.0,-4013.381675552624,0
1.0,-4014.1110069910815,0
1.0,-4014.0454420597594,0
1.0,-4014.0594716181376,0
1.0,-4013.8182256762025,0
1.0,-4013.7772924836963,0
1.0,-4013.899688698602,0
1.0,-4014.0154824169654,0
1.0,-4013.898460494153,0
1.0,-4013.8319978933723,0
1.0,-4013.597280121373,0
1.0,-4013.562946385486,0
1.0,-4013.7599184293813,0
1.0,-4013.7094913184783,0
1.0,-4013.777296889586,0
1.0,-4013.359298636257,0
1.0,-4013.748523744706,0
1.0,-4013.560783489822,0
1.0,-4013.6158171830257,0
1.0,-4013.2453153218034,0
1.0,-4013.641410446074,0
1.0,-4013.542636055078,0
1.0,-4013.4056643494714,0
1.0,-4013.714290725196,0
1.0,-4013.383724089819,0
1.0,-4013.9599651279086,0
1.0,-4014.047405144368,0
1.0,-4013.706684562747,0
1.0,-4013.93141200246,0
1.0,-4013.9061836550172,0
1.0,-4013.933260103072,0
1.0,-4013.2017996024692,0
1.0,-4014.020641652396,0
1.0,-4014.070845842739,0
1.0,-4013.6248361125167,0
1.0,-4013.70970924164,0
1.0,-4013.582377754808,0
1.0,-4013.8007361182504,0
1.0,-4013.9806939131195,0
1.0,-4014.050004590767,0
1.0,-4013.5281034288464,0
1.0,-4013.872615247677,0
1.0,-4013.563540358655,0
1.0,-4013.6725548017034,0
1.0,-4013.5722963120133,0
1.0,-4013.982208022292,0
1.0,-4013.5867543746904,0
1.0,-4014.0077919985692,0
1.0,-4014.0102500379458,0
1.0,-4013.160018688974,0
1.0,-4013.6599871235476,0
1.0,-4013.909737295674,0
1.0,-4013.555750866864,0
1.0,-4013.638536326042,0
0.1,-4018.1306710735885,1
0.1,-4019.473348918058,1
0.1,-4020.4157149367275,1
0.1,-4018.4483613705447,1
0.1,-4019.248465048674,1
0.1,-4020.124948223754,1
0.1,-4018.873005180086,1
0.1,-4016.2605434041934,1
0.1,-4018.4051166487748,1
0.1,-4019.4060071967033,1
0.1,-4017.5923605082935,1
0.1,-4019.241754464389,1
0.1,-4018.265058264473,1
0.1,-4020.490746563979,1
0.1,-4019.8071405011474,1
0.1,-4018.9615008260366,1
0.1,-4021.01262548892,1
0.1,-4021.0440527791366,1
0.1,-4017.679913473366,1
0.1,-4015.2823917404476,1
0.1,-4018.368528250408,1
0.1,-4019.5653945177455,1
0.1,-4020.1635671963068,1
0.1,-4017.4372305821444,1
0.1,-4018.631071223703,1
0.1,-4019.4877387496804,1
0.1,-4020.231144367049,1
0.1,-4019.8524821588235,1
0.1,-4016.148680281029,1
0.1,-4018.4414865171475,1
0.1,-4018.2463714158444,1
0.1,-4014.8870406820947,1
0.1,-4018.835785472526,1
0.1,-4019.1111787949208,1
0.1,-4019.178966806369,1
0.1,-4020.8482821723283,1
0.1,-4017.8990260116025,1
0.1,-4014.741327352854,1
0.1,-4017.7019177069565,1
0.1,-4019.70524303812,1
0.1,-4018.7037008286848,1
0.1,-4015.186724969444,1
0.1,-4015.836416859777,1
0.1,-4018.4671346376986,1
0.1,-4020.794223109635,1
0.1,-4020.206533956387,1
0.1,-4020.0267510096983,1
0.1,-4018.6057474802506,1
0.1,-4017.5495907995332,1
0.1,-4020.2050149405386,1
0.1,-4020.1221695202876,1
0.1,-4017.27487069822,1
0.1,-4019.664154214057,1
0.1,-4015.7712780975485,1
0.1,-4017.399596677851,1
0.1,-4019.08382503262,1
0.1,-4019.5619486237642,1
0.1,-4020.424978923999,1
0.1,-4018.647506964498,1
0.1,-4018.942868393162,1
0.1,-4019.1446104130846,1
0.1,-4019.0750445107296,1
0.1,-4013.3875111133766,1
0.1,-4016.405885641834,1
0.1,-4018.986663175998,1
0.1,-4017.3356822877613,1
0.1,-4016.952913467433,1
0.1,-4016.8658868571747,1
0.1,-4014.8617622465304,1
0.1,-4018.7092381555353,1
0.1,-4016.098754265505,1
0.1,-4017.696957660608,1
0.1,-4019.865701081159,1
0.1,-4017.897033387736,1
0.1,-4018.1062233922803,1
0.1,-4020.27226622349,1
0.1,-4016.0075606556807,1
0.1,-4019.1612259825515,1
0.1,-4019.793104161318,1
0.1,-4014.572953530605,1
0.1,-4017.770382603085,1
0.1,-4016.8326193326848,1
0.1,-4017.8536803849925,1
0.1,-4012.367663384956,1
0.1,-4017.853603771923,1
0.1,-4018.928491358231,1
0.1,-4019.7556625178167,1
0.1,-4019.099199852528,1
0.1,-4020.2589632316162,1
0.1,-4017.1680210364166,1
0.1,-4017.1518402255506,1
0.1,-4017.5050414174125,1
0.1,-4016.16507123812,1
0.1,-4019.6910471944957,1
0.1,-4020.114044842343,1
0.1,-4019.593783506651,1
0.1,-4018.7997953287495,1
0.1,-4019.0849675199365,1
0.1,-4015.953264648852,1
0.1,-4016.8581546199657,1
0.2,-4020.868351160092,1
0.2,-4019.8449445128426,1
0.2,-4017.5455865696017,1
0.2,-4018.4261321109507,1
0.2,-4019.6827525044773,1
0.2,-4020.747856416344,1
0.2,-4018.950156929837,1
0.2,-4019.7450557539382,1
0.2,-4017.7799718555366,1
0.2,-4019.839720693244,1
0.2,-4020.3585759252046,1
0.2,-4019.3782602540764,1
0.2,-4020.9084304696303,1
0.2,-4020.011431294899,1
0.2,-4017.8841801719327,1
0.2,-4019.1400733346654,1
0.2,-4020.698826400892,1
0.2,-4020.7800547208453,1
0.2,-4020.891241646626,1
0.2,-4019.777830359672,1
0.2,-4018.196848571856,1
0.2,-4017.4331811174793,1
0.2,-4019.7702732339585,1
0.2,-4018.450077982587,1
0.2,-4021.650802191737,1
0.2,-4020.4588527550536,1
0.2,-4018.9499307939586,1
0.2,-4018.535285640316,1
0.2,-4020.8552970267137,1
0.2,-4018.8415927686415,1
0.2,-4018.708384498012,1
0.2,-4019.0666501979827,1
0.2,-4018.2549013280873,1
0.2,-4019.0843360841473,1
0.2,-4019.656305117873,1
0.2,-4021.091876616765,1
0.2,-4019.265771947338,1
0.2,-4020.6878436343954,1
0.2,-4021.6957418765487,1
0.2,-4020.188112676438,1
0.2,-4019.7287968105206,1
0.2,-4018.451458712759,1
0.2,-4018.9575308360777,1
0.2,-4020.6440094250725,1
0.2,-4021.489143069691,1
0.2,-4020.0334487101436,1
0.2,-4020.326022278658,1
0.2,-4019.386628370596,1
0.2,-4019.332884466883,1
0.2,-4019.264434361536,1
0.2,-4018.0108621074,1
0.2,-4018.7150825450512,1
0.2,-4020.407215010353,1
0.2,-4020.148320059796,1
0.2,-4017.8295106299547,1
0.2,-4020.931533180895,1
0.2,-4019.8123288632432,1
0.2,-4020.218488379915,1
0.2,-4020.7682735867797,1
0.2,-4018.181970771137,1
0.2,-4017.474463794523,1
0.2,-4019.028591115866,1
0.2,-4018.8011445039783,1
0.2,-4021.255774216639,1
0.2,-4019.0357003669606,1
0.2,-4020.0020898739804,1
0.2,-4018.17798517584,1
0.2,-4019.6566761485346,1
0.2,-4020.2567268140738,1
0.2,-4019.0635325492194,1
0.2,-4019.4625549560774,1
0.2,-4018.4031829219607,1
0.2,-4020.0438597260554,1
0.2,-4021.030503836441,1
0.2,-4020.263591447704,1
0.2,-4019.3453623607697,1
0.2,-4020.580504755957,1
0.2,-4021.3522883735545,1
0.2,-4020.8933094318118,1
0.2,-4017.43908240956,1
0.2,-4020.3049517161894,1
0.2,-4018.802124609033,1
0.2,-4021.0972936500366,1
0.2,-4019.2532856126477,1
0.2,-4020.1134368995067,1
0.2,-4020.4968287060656,1
0.2,-4018.895316908798,1
0.2,-4020.5404984128218,1
0.2,-4018.629461680209,1
0.2,-4017.584584320338,1
0.2,-4020.8775531973124,1
0.2,-4020.419022018258,1
0.2,-4019.9028089078056,1
0.2,-4020.85054969578,1
0.2,-4020.4164376099507,1
0.2,-4019.1915230956806,1
0.2,-4020.009160906015,1
0.2,-4019.4128277490126,1
0.2,-4019.672753334059,1
0.2,-4018.5210019046604,1
0.3,-4017.8174388127886,1
0.3,-4019.712826423594,1
0.3,-4017.2593339946707,1
0.3,-4018.1425177096376,1
0.3,-4016.8059948464147,1
0.3,-4019.111680386103,1
0.3,-4019.866934216356,1
0.3,-4018.923895102652,1
0.3,-4019.555479352955,1
0.3,-4020.057640785989,1
0.3,-4016.8758245588997,1
0.3,-4020.2824827445943,1
0.3,-4018.742648388413,1
0.3,-4018.9176744476013,1
0.3,-4019.9929608681314,1
0.3,-4018.039121865273,1
0.3,-4019.7263947409424,1
0.3,-4018.020366402238,1
0.3,-4020.6168791559803,1
0.3,-4019.582706288597,1
0.3,-4020.0362848506566,1
0.3,-4019.4498784261596,1
0.3,-4020.005520213822,1
0.3,-4019.659624115973,1
0.3,-4018.9845787250974,1
0.3,-4019.250765881652,1
0.3,-4019.50937228872,1
0.3,-4019.389738619866,1
0.3,-4018.1702895605495,1
0.3,-4019.9153783143383,1
0.3,-4019.360463450639,1
0.3,-4020.0553192191455,1
0.3,-4019.768031505688,1
0.3,-4019.505276098471,1
0.3,-4019.422144887134,1
0.3,-4019.621107788051,1
0.3,-4018.4528440307613,1
0.3,-4020.4844740020517,1
0.3,-4020.2587303384557,1
0.3,-4015.1478520879245,1
0.3,-4015.9825198373824,1
0.3,-4019.804720017888,1
0.3,-4017.545497871419,1
0.3,-4016.9836679783757,1
0.3,-4014.900103177462,1
0.3,-4019.447460504087,1
0.3,-4018.9247563300432,1
0.3,-4017.0031447396827,1
0.3,-4019.664262690942,1
0.3,-4020.2647083343186,1
0.3,-4020.2463088064333,1
0.3,-4017.208114507999,1
0.3,-4018.68746170599,1
0.3,-4019.4494318598145,1
0.3,-4020.016329497771,1
0.3,-4020.057310015728,1
0.3,-4017.59554120191,1
0.3,-4020.786485610786,1
0.3,-4018.8347769509683,1
0.3,-4017.4468560662162,1
0.3,-4021.0242167356173,1
0.3,-4019.034630116896,1
0.3,-4018.258337249453,1
0.3,-4017.443036067286,1
0.3,-4018.024708430538,1
0.3,-4021.2440855292452,1
0.3,-4018.6841995226873,1
0.3,-4021.77901656281,1
0.3,-4017.080853856773,1
0.3,-4019.718392603739,1
0.3,-4018.2502896649903,1
0.3,-4019.22423963868,1
0.3,-4017.581978450454,1
0.3,-4019.111708637005,1
0.3,-4018.7653518709435,1
0.3,-4021.4386601570545,1
0.3,-4020.0382577678743,1
0.3,-4018.9477922655856,1
0.3,-4018.896060753259,1
0.3,-4019.417126842412,1
0.3,-4018.1227438660053,1
0.3,-4019.812011205437,1
0.3,-4018.3151090972715,1
0.3,-4019.3317078606924,1
0.3,-4018.893265402199,1
0.3,-4019.91344334697,1
0.3,-4020.6699986350645,1
0.3,-4020.4395272291727,1
0.3,-4019.8479276615326,1
0.3,-4020.325529563828,1
0.3,-4018.612424163454,1
0.3,-4018.8244047772896,1
0.3,-4019.281368233977,1
0.3,-4020.0790013722367,1
0.3,-4020.973316056047,1
0.3,-4019.171244882041,1
0.3,-4018.083720988097,1
0.3,-4018.9861813550315,1
0.3,-4017.531894858342,1
0.3,-4017.3301205478438,1
0.4,-4019.7338268204035,1
0.4,-4019.470160395883,1
0.4,-4017.685857750054,1
0.4,-4020.6442699790364,1
0.4,-4019.1302095651035,1
0.4,-4019.0406390120233,1
0.4,-4020.1799765004603,1
0.4,-4016.3452157282472,1
0.4,-4013.6598536773995,1
0.4,-4017.7633595777716,1
0.4,-4022.1532167014907,1
0.4,-4018.564749610563,1
0.4,-4019.6546826728095,1
0.4,-4015.960511705034,1
0.4,-4021.081811951946,1
0.4,-4020.7488466355526,1
0.4,-4021.41060280667,1
0.4,-4021.818328710613,1
0.4,-4020.241797134965,1
0.4,-4016.6446530499707,1
0.4,-4019.90521457319,1
0.4,-4021.092296796767,1
0.4,-4018.9720350042544,1
0.4,-4021.750039659933,1
0.4,-4021.571625272312,1
0.4,-4017.9663183122334,1
0.4,-4020.043456015557,1
0.4,-4018.653223873142,1
0.4,-4020.79687743034,1
0.4,-4021.4846617903772,1
0.4,-4019.2832161051783,1
0.4,-4018.587184223233,1
0.4,-4021.434143262796,1
0.4,-4023.3225779116365,1
0.4,-4019.3663548945706,1
0.4,-4021.4028542134265,1
0.4,-4018.4809291058546,1
0.4,-4019.3679135265347,1
0.4,-4022.244972669227,1
0.4,-4022.689214877852,1
0.4,-4017.2680775838016,1
0.4,-4020.6716943164165,1
0.4,-4020.486564325983,1
0.4,-4018.925904762208,1
0.4,-4020.163618182732,1
0.4,-4019.7395782143685,1
0.4,-4021.050738779005,1
0.4,-4019.873534068108,1
0.4,-4021.3294337356165,1
0.4,-4023.4165713149177,1
0.4,-4021.6472860546182,1
0.4,-4021.311559974548,1
0.4,-4019.192511386024,1
0.4,-4019.9639119049534,1
0.4,-4021.5470042343063,1
0.4,-4021.4610976703175,1
0.4,-4019.5937808202625,1
0.4,-4020.2618821471247,1
0.4,-4018.9980343956236,1
0.4,-4020.9503459105035,1
0.4,-4019.9663588212056,1
0.4,-4020.8029607063995,1
0.4,-4017.011180982211,1
0.4,-4021.538412954272,1
0.4,-4021.179613352142,1
0.4,-4017.3269748239354,1
0.4,-4021.3892832811453,1
0.4,-4022.620959352638,1
0.4,-4022.160959770675,1
0.4,-4019.9345593083094,1
0.4,-4022.72389423206,1
0.4,-4021.0907594606597,1
0.4,-4020.1848338455525,1
0.4,-4018.7933860658195,1
0.4,-4020.5729256610152,1
0.4,-4017.9423383083517,1
0.4,-4017.212665755225,1
0.4,-4020.9787052886286,1
0.4,-4020.5090131152006,1
0.4,-4018.2538378011795,1
0.4,-4021.840963840146,1
0.4,-4020.1346755751724,1
0.4,-4021.9316918187023,1
0.4,-4021.074109482106,1
0.4,-4020.6945581822356,1
0.4,-4019.202173056854,1
0.4,-4020.133128052546,1
0.4,-4021.1244464146334,1
0.4,-4018.6115336243183,1
0.4,-4021.7183462686708,1
0.4,-4020.0306906339174,1
0.4,-4021.661824575941,1
0.4,-4019.706133460198,1
0.4,-4020.8736106206643,1
0.4,-4019.7213486782116,1
0.4,-4020.346748978815,1
0.4,-4021.661755783241,1
0.4,-4019.019150183626,1
0.4,-4022.2729603884036,1
0.4,-4015.550402357758,1
0.5,-4018.926033760872,1
0.5,-4017.225399174562,1
0.5,-4015.790845822446,1
0.5,-4019.229339480298,1
0.5,-4021.1055380279013,1
0.5,-4019.455312944899,1
0.5,-4019.8691970023156,1
0.5,-4019.665401133144,1
0.5,-4019.217935817236,1
0.5,-4015.9498427723456,1
0.5,-4020.059202648066,1
0.5,-4018.735351067658,1
0.5,-4015.277339162398,1
0.5,-4018.8913963012174,1
0.5,-4017.5589116055653,1
0.5,-4020.4452429382327,1
0.5,-4020.444800566485,1
0.5,-4019.753672972386,1
0.5,-4020.3185257689684,1
0.5,-4019.2571533629316,1
0.5,-4016.8807884787916,1
0.5,-4019.7505512089274,1
0.5,-4020.8701337895072,1
0.5,-4016.338212100891,1
0.5,-4016.666539567441,1
0.5,-4017.0236585422717,1
0.5,-4019.505028000786,1
0.5,-4017.945778686867,1
0.5,-4016.4619063164123,1
0.5,-4017.948653973176,1
0.5,-4018.371971738538,1
0.5,-4018.6179933698204,1
0.5,-4018.2677336890624,1
0.5,-4019.5049210863194,1
0.5,-4018.554772722707,1
0.5,-4017.599496959492,1
0.5,-4015.152164528766,1
0.5,-4019.184932939709,1
0.5,-4018.7705988010075,1
0.5,-4018.145039190771,1
0.5,-4016.97074773336,1
0.5,-4019.306033498243,1
0.5,-4016.289457078908,1
0.5,-4018.709831441806,1
0.5,-4018.5287690698297,1
0.5,-4018.4508587357286,1
0.5,-4020.799720452131,1
0.5,-4019.705686814249,1
0.5,-4018.8709335396784,1
0.5,-4018.597720272524,1
0.5,-4016.478382841307,1
0.5,-4015.342622005469,1
0.5,-4019.4582119438023,1
0.5,-4019.6821091208762,1
0.5,-4019.3075420655014,1
0.5,-4016.511900463273,1
0.5,-4021.024411251043,1
0.5,-4016.041046724127,1
0.5,-4018.744671564226,1
0.5,-4021.831576559346,1
0.5,-4021.635681598963,1
0.5,-4021.4423397543255,1
0.5,-4018.0337014562365,1
0.5,-4018.272479163143,1
0.5,-4019.254275554121,1
0.5,-4018.5099984827534,1
0.5,-4018.3527752816963,1
0.5,-4020.0471271348265,1
0.5,-4019.323677791087,1
0.5,-4018.914983010534,1
0.5,-4018.9236179792074,1
0.5,-4019.539750536951,1
0.5,-4019.489486873817,1
0.5,-4018.7908961809712,1
0.5,-4020.365549049564,1
0.5,-4019.2150106938484,1
0.5,-4017.3834954806152,1
0.5,-4020.062929846448,1
0.5,-4021.7075044803,1
0.5,-4020.5595448451313,1
0.5,-4018.845703302638,1
0.5,-4019.5847499466845,1
0.5,-4015.441929780952,1
0.5,-4021.550153302885,1
0.5,-4020.6473285554275,1
0.5,-4020.2265369285788,1
0.5,-4020.41212591273,1
0.5,-4017.8596447539576,1
0.5,-4019.6459239534793,1
0.5,-4018.099118598361,1
0.5,-4018.011394294546,1
0.5,-4017.9259326086003,1
0.5,-4013.2534595997095,1
0.5,-4019.3423350074218,1
0.5,-4018.644549407685,1
0.5,-4017.446870065333,1
0.5,-4016.749796966643,1
0.5,-4021.6463853705586,1
0.5,-4017.3852449725855,1
0.5,-4017.8411538964565,1
0.6,-4018.8898282280293,1
0.6,-4021.4983509900153,1
0.6,-4022.7651551374906,1
0.6,-4020.0600226213596,1
0.6,-4021.139784478402,1
0.6,-4018.2185258489103,1
0.6,-4019.124256563411,1
0.6,-4013.418032311452,1
0.6,-4020.1317386937985,1
0.6,-4022.162939140222,1
0.6,-4019.546579362784,1
0.6,-4019.191947474392,1
0.6,-4020.6388334697212,1
0.6,-4022.499601307127,1
0.6,-4020.483778559139,1
0.6,-4019.7323719286883,1
0.6,-4021.269593927745,1
0.6,-4021.897549994294,1
0.6,-4020.4380257819344,1
0.6,-4019.532936518976,1
0.6,-4019.4034165725866,1
0.6,-4018.982939345963,1
0.6,-4019.4163842027447,1
0.6,-4017.476964979836,1
0.6,-4022.4258511463695,1
0.6,-4020.373025405844,1
0.6,-4020.9841869093907,1
0.6,-4020.922350813234,1
0.6,-4015.4751817275105,1
0.6,-4015.1248158479652,1
0.6,-4021.250470293843,1
0.6,-4014.4076814902687,1
0.6,-4021.9272298961937,1
0.6,-4017.624050740724,1
0.6,-4017.691144016698,1
0.6,-4021.7624303393395,1
0.6,-4020.8255998271293,1
0.6,-4018.757826621828,1
0.6,-4020.9988557958122,1
0.6,-4021.8677324556256,1
0.6,-4020.1840089199413,1
0.6,-4018.994105705707,1
0.6,-4021.9418677086182,1
0.6,-4019.310839037029,1
0.6,-4021.1491323351806,1
0.6,-4021.570921327252,1
0.6,-4019.6929470563846,1
0.6,-4021.773452772089,1
0.6,-4020.8936461687895,1
0.6,-4020.4420474050057,1
0.6,-4022.318359855842,1
0.6,-4019.1897199964183,1
0.6,-4017.8971472911944,1
0.6,-4019.147992961435,1
0.6,-4018.9390812881807,1
0.6,-4020.530231531192,1
0.6,-4019.1024423703275,1
0.6,-4019.7656461138354,1
0.6,-4020.99234910914,1
0.6,-4021.578340688882,1
0.6,-4017.1003817923333,1
0.6,-4020.284271868259,1
0.6,-4020.4400009805026,1
0.6,-4018.2811457445077,1
0.6,-4021.788966200097,1
0.6,-4021.7439501561566,1
0.6,-4019.708797700689,1
0.6,-4019.351606681759,1
0.6,-4021.3106837094797,1
0.6,-4022.829031910553,1
0.6,-4018.950118119998,1
0.6,-4019.380860510266,1
0.6,-4020.020770573231,1
0.6,-4020.466323564237,1
0.6,-4019.0584142522544,1
0.6,-4016.1028809659138,1
0.6,-4023.1066179151485,1
0.6,-4017.185733955347,1
0.6,-4021.398286859994,1
0.6,-4019.0580021271353,1
0.6,-4017.0077548978306,1
0.6,-4020.7627522186895,1
0.6,-4022.9675434587257,1
0.6,-4020.628194604514,1
0.6,-4020.061693309496,1
0.6,-4022.1682652729314,1
0.6,-4018.6491523635177,1
0.6,-4018.3330514830564,1
0.6,-4019.214560648314,1
0.6,-4021.958348905893,1
0.6,-4021.4037687537334,1
0.6,-4019.0011191849194,1
0.6,-4022.17600877451,1
0.6,-4020.4241437868604,1
0.6,-4019.144650663103,1
0.6,-4022.344254673346,1
0.6,-4020.4770141610197,1
0.6,-4020.6713708198954,1
0.6,-4017.5548802840312,1
0.6,-4021.501409471946,1
0.7,-4022.391657112332,1
0.7,-4018.5617155368723,1
0.7,-4018.488744590212,1
0.7,-4020.9373193492593,1
0.7,-4021.7321310863513,1
0.7,-4022.8890305180494,1
0.7,-4021.8630146843257,1
0.7,-4021.7955825022236,1
0.7,-4020.5696420355844,1
0.7,-4021.031042441931,1
0.7,-4019.8148549901302,1
0.7,-4019.0735877708526,1
0.7,-4019.882989092386,1
0.7,-4019.3894834179696,1
0.7,-4019.960705195584,1
0.7,-4021.014425215621,1
0.7,-4019.555504344528,1
0.7,-4020.405600085178,1
0.7,-4019.194270360473,1
0.7,-4021.0768611297685,1
0.7,-4019.5312553804224,1
0.7,-4017.2477677443176,1
0.7,-4023.4615443168022,1
0.7,-4020.1322956737317,1
0.7,-4017.9202548226735,1
0.7,-4021.0330943512054,1
0.7,-4021.874604617267,1
0.7,-4020.662417526551,1
0.7,-4020.4867186700953,1
0.7,-4021.151544556659,1
0.7,-4018.7364080325706,1
0.7,-4018.7825843672626,1
0.7,-4021.850301650717,1
0.7,-4022.768286810316,1
0.7,-4022.2038353064295,1
0.7,-4018.4854458454124,1
0.7,-4020.6530793129264,1
0.7,-4017.515301728194,1
0.7,-4021.345161502565,1
0.7,-4018.840559683439,1
0.7,-4021.2759136994223,1
0.7,-4020.87074860274,1
0.7,-4021.684968232892,1
0.7,-4018.782460038852,1
0.7,-4020.0933768194845,1
0.7,-4019.6485285597996,1
0.7,-4020.404572154366,1
0.7,-4019.0423794927187,1
0.7,-4021.3423134076193,1
0.7,-4022.123805493145,1
0.7,-4018.3089837731986,1
0.7,-4020.120947917958,1
0.7,-4021.8810717065417,1
0.7,-4019.8787691535927,1
0.7,-4023.523149174084,1
0.7,-4019.427845507019,1
0.7,-4017.2483744458573,1
0.7,-4017.8648998009994,1
0.7,-4021.8824144089963,1
0.7,-4020.5469413622673,1
0.7,-4022.3822514225126,1
0.7,-4019.4172723612037,1
0.7,-4017.5696067405966,1
0.7,-4020.4744089738383,1
0.7,-4017.8195447309463,1
0.7,-4020.2343224559927,1
0.7,-4021.9029064941774,1
0.7,-4022.5894085125697,1
0.7,-4023.442822712206,1
0.7,-4018.291299650338,1
0.7,-4017.9927792973394,1
0.7,-4018.892894913816,1
0.7,-4022.0560567327248,1
0.7,-4017.85820550368,1
0.7,-4018.528667871531,1
0.7,-4023.289608674501,1
0.7,-4020.4589008160633,1
0.7,-4020.712366363428,1
0.7,-4020.459110168855,1
0.7,-4019.9746429383513,1
0.7,-4019.034324260427,1
0.7,-4022.9060670369986,1
0.7,-4020.948141338721,1
0.7,-4020.474761359081,1
0.7,-4015.844206811534,1
0.7,-4019.2951121114656,1
0.7,-4021.8057392823735,1
0.7,-4022.1160907026765,1
0.7,-4019.8079437152505,1
0.7,-4022.725085881359,1
0.7,-4022.7562514388146,1
0.7,-4018.039584236512,1
0.7,-4017.1881716106227,1
0.7,-4021.5570838067824,1
0.7,-4017.635796882665,1
0.7,-4016.4930238093516,1
0.7,-4021.9663968891923,1
0.7,-4021.696665047398,1
0.7,-4020.4943600497727,1
0.7,-4021.5091382283126,1
0.8,-4022.213243776734,1
0.8,-4020.4195533167112,1
0.8,-4020.2692268040582,1
0.8,-4022.3693518469113,1
0.8,-4021.381519894372,1
0.8,-4020.6233971215197,1
0.8,-4021.1657456364337,1
0.8,-4019.5081808072314,1
0.8,-4020.958674136917,1
0.8,-4019.688705538814,1
0.8,-4022.5406093991046,1
0.8,-4020.8575594919557,1
0.8,-4021.074992118771,1
0.8,-4020.300725532939,1
0.8,-4021.5034108409645,1
0.8,-4017.105788085562,1
0.8,-4022.3025449482343,1
0.8,-4022.0817202059866,1
0.8,-4021.0947658376863,1
0.8,-4019.847009276515,1
0.8,-4019.9319408633555,1
0.8,-4022.2693690117944,1
0.8,-4019.8122232102664,1
0.8,-4022.339856289037,1
0.8,-4023.055972533336,1
0.8,-4016.8337681606317,1
0.8,-4021.989711138404,1
0.8,-4019.75119691641,1
0.8,-4020.781390044579,1
0.8,-4022.4983564424297,1
0.8,-4019.913908784456,1
0.8,-4022.5239581297246,1
0.8,-4024.3165653179817,1
0.8,-4021.228357826476,1
0.8,-4019.4767175563907,1
0.8,-4019.51690039876,1
0.8,-4022.6115435138972,1
0.8,-4015.475481503763,1
0.8,-4018.5672661671583,1
0.8,-4019.2706374690497,1
0.8,-4017.2417974808486,1
0.8,-4021.53006064477,1
0.8,-4017.27363552424,1
0.8,-4019.3733729138953,1
0.8,-4020.8812444078817,1
0.8,-4019.630302682161,1
0.8,-4016.859160905639,1
0.8,-4022.5012635098883,1
0.8,-4021.554360621828,1
0.8,-4020.784372080008,1
0.8,-4018.79287855761,1
0.8,-4016.1052212017426,1
0.8,-4020.027967238578,1
0.8,-4022.167796853093,1
0.8,-4019.626684538069,1
0.8,-4017.8916942099913,1
0.8,-4019.4058509415026,1
0.8,-4020.1524040671325,1
0.8,-4019.00304072701,1
0.8,-4019.9096735855624,1
0.8,-4020.4741465067677,1
0.8,-4019.402663556336,1
0.8,-4021.225325868702,1
0.8,-4019.724035386132,1
0.8,-4019.759668648525,1
0.8,-4021.403318611886,1
0.8,-4020.2653760816534,1
0.8,-4019.598240419402,1
0.8,-4021.9948839047174,1
0.8,-4019.9150717351076,1
0.8,-4022.6236892857723,1
0.8,-4021.4300255575727,1
0.8,-4020.7057774372547,1
0.8,-4020.896468956432,1
0.8,-4021.92568441504,1
0.8,-4022.119573013612,1
0.8,-4020.9414748086306,1
0.8,-4020.8284814055314,1
0.8,-4018.1504987559033,1
0.8,-4021.6693980652476,1
0.8,-4019.5698699445975,1
0.8,-4022.5360799599566,1
0.8,-4020.2058742681634,1
0.8,-4021.6426692273867,1
0.8,-4021.9367907473043,1
0.8,-4015.441835107631,1
0.8,-4018.2544738938213,1
0.8,-4018.0739058270174,1
0.8,-4021.598829081308,1
0.8,-4020.292296891494,1
0.8,-4021.393017461277,1
0.8,-4019.263659826765,1
0.8,-4021.1975045284025,1
0.8,-4022.084857710822,1
0.8,-4019.863922404645,1
0.8,-4017.6446526312557,1
0.8,-4022.2157156407943,1
0.8,-4020.3174225650696,1
0.8,-4022.6940396859923,1
0.8,-4017.9547841038366,1
0.9,-4019.9499845548967,1
0.9,-4017.2462123188216,1
0.9,-4018.8408039277265,1
0.9,-4020.375604155527,1
0.9,-4019.217720642828,1
0.9,-4017.516635256509,1
0.9,-4019.9807750369973,1
0.9,-4021.3028869218674,1
0.9,-4019.3355949322686,1
0.9,-4017.557090572853,1
0.9,-4018.5253095407024,1
0.9,-4019.3666228461657,1
0.9,-4017.722121442883,1
0.9,-4021.0642783938947,1
0.9,-4019.703897761616,1
0.9,-4018.919418054991,1
0.9,-4017.100079752537,1
0.9,-4019.0929125247444,1
0.9,-4018.936800285386,1
0.9,-4017.6048903174024,1
0.9,-4013.13004993081,1
0.9,-4018.178294198572,1
0.9,-4018.864240937493,1
0.9,-4018.1795222377386,1
0.9,-4020.574580920068,1
0.9,-4020.2509713239047,1
0.9,-4018.671039551589,1
0.9,-4018.8805827466604,1
0.9,-4019.3328417425546,1
0.9,-4017.070517101862,1
0.9,-4020.9570202418504,1
0.9,-4014.3429694268716,1
0.9,-4017.658228771973,1
0.9,-4019.649828455556,1
0.9,-4020.1818819100854,1
0.9,-4019.34383884975,1
0.9,-4020.9935680750923,1
0.9,-4020.0883435480437,1
0.9,-4020.403286461067,1
0.9,-4019.588529066377,1
0.9,-4019.7561850984407,1
0.9,-4020.1732450376317,1
0.9,-4013.4984207229654,1
0.9,-4019.8943998386903,1
0.9,-4020.8779093517574,1
0.9,-4018.207737212146,1
0.9,-4020.7079122320765,1
0.9,-4016.339342555773,1
0.9,-4017.4137284488347,1
0.9,-4017.110986031818,1
0.9,-4019.792496218285,1
0.9,-4019.9103379576713,1
0.9,-4021.3260615969284,1
0.9,-4020.266350588765,1
0.9,-4019.4975702273964,1
0.9,-4020.03010177185,1
0.9,-4017.2192982798874,1
0.9,-4015.1090259679213,1
0.9,-4019.62034016246,1
0.9,-4016.76681594149,1
0.9,-4020.1013040083217,1
0.9,-4019.952548357653,1
0.9,-4019.197898078493,1
0.9,-4019.7109434505,1
0.9,-4021.735859859547,1
0.9,-4019.215513152257,1
0.9,-4015.2999292068735,1
0.9,-4018.146704558323,1
0.9,-4019.502476865492,1
0.9,-4019.3389348235532,1
0.9,-4018.287794159942,1
0.9,-4015.713581709041,1
0.9,-4021.1369262041712,1
0.9,-4020.813671265904,1
0.9,-4018.419131157157,1
0.9,-4020.543290722762,1
0.9,-4018.8928960104854,1
0.9,-4017.483084653941,1
0.9,-4019.9625525716515,1
0.9,-4017.663701587819,1
0.9,-4021.7496519010892,1
0.9,-4017.9386366205645,1
0.9,-4017.4405917723743,1
0.9,-4021.403191180679,1
0.9,-4016.468585686283,1
0.9,-4019.4193050809204,1
0.9,-4020.394579484956,1
0.9,-4017.5655021325924,1
0.9,-4019.4302532694314,1
0.9,-4020.3931429872287,1
0.9,-4015.3112096518066,1
0.9,-4020.208338567232,1
0.9,-4013.752298593294,1
0.9,-4020.5994982944635,1
0.9,-4018.250124874894,1
0.9,-4018.8056594184436,1
0.9,-4017.4881464997916,1
0.9,-4019.010335857259,1
0.9,-4018.2293899472647,1
0.9,-4019.2121270724847,1
1.0,-4019.680417928263,1
1.0,-4022.492300152995,1
1.0,-4020.3848788748446,1
1.0,-4018.611568543038,1
1.0,-4022.9707274418884,1
1.0,-4021.2293075012335,1
1.0,-4017.8976305911056,1
1.0,-4018.689518375791,1
1.0,-4018.6228763708095,1
1.0,-4012.8988486457984,1
1.0,-4018.8707568761706,1
1.0,-4016.5058213307598,1
1.0,-4019.0068144819584,1
1.0,-4017.783284937242,1
1.0,-4019.956807389784,1
1.0,-4020.4137051513617,1
1.0,-4018.2679179644965,1
1.0,-4018.5774496986087,1
1.0,-4017.86899824992,1
1.0,-4019.887049255286,1
1.0,-4017.7983437782923,1
1.0,-4018.1221073209426,1
1.0,-4018.347409324332,1
1.0,-4019.0047448825107,1
1.0,-4020.1989548983897,1
1.0,-4019.234161486267,1
1.0,-4019.6924339765546,1
1.0,-4020.8330083379215,1
1.0,-4022.2561414228458,1
1.0,-4018.627037098612,1
1.0,-4018.959523399062,1
1.0,-4021.4345224334697,1
1.0,-4020.4280610577102,1
1.0,-4022.4724080840424,1
1.0,-4019.541798471098,1
1.0,-4018.937977948561,1
1.0,-4021.8407104184075,1
1.0,-4020.058376255028,1
1.0,-4018.5463891877553,1
1.0,-4021.7751727570035,1
1.0,-4017.6691292758933,1
1.0,-4021.5642879862316,1
1.0,-4019.84341252507,1
1.0,-4018.297181001395,1
1.0,-4020.7192416501316,1
1.0,-4019.1825009242643,1
1.0,-4019.7376416174793,1
1.0,-4021.729623079018,1
1.0,-4019.71019476472,1
1.0,-4017.7878512206194,1
1.0,-4017.342840073998,1
1.0,-4019.1708269843743,1
1.0,-4016.3560512070835,1
1.0,-4018.4598912033107,1
1.0,-4020.4955953342514,1
1.0,-4020.84207226785,1
1.0,-4019.1303899477016,1
1.0,-4020.3496640968556,1
1.0,-4015.0251957813502,1
1.0,-4019.1323536462537,1
1.0,-4019.3543252319655,1
1.0,-4019.4696101963773,1
1.0,-4016.028427912452,1
1.0,-4020.3407903697594,1
1.0,-4018.250453565398,1
1.0,-4021.627880819664,1
1.0,-4015.2617286261748,1
1.0,-4019.7626850766223,1
1.0,-4019.2045737424282,1
1.0,-4021.5087524151363,1
1.0,-4022.6092060970172,1
1.0,-4020.436454662946,1
1.0,-4020.4659110492453,1
1.0,-4018.170376032046,1
1.0,-4019.3698884332152,1
1.0,-4017.8430637577203,1
1.0,-4020.1598671066577,1
1.0,-4018.4165655459133,1
1.0,-4020.0880020479503,1
1.0,-4021.558404449315,1
1.0,-4017.8234900474495,1
1.0,-4017.835057142028,1
1.0,-4018.7261077652042,1
1.0,-4020.966297076893,1
1.0,-4020.3810018351164,1
1.0,-4020.779146805974,1
1.0,-4018.05487543882,1
1.0,-4018.062887952577,1
1.0,-4019.1814185734115,1
1.0,-4018.104408497387,1
1.0,-4019.6725829286656,1
1.0,-4020.664177977588,1
1.0,-4018.0652805062564,1
1.0,-4018.3622331509737,1
1.0,-4018.55096686692,1
1.0,-4019.180001725765,1
1.0,-4021.8147841470677,1
1.0,-4019.097431479079,1
1.0,-4018.2754668686644,1
1.0,-4017.548264006505,1
0.1,-4023.6048614064034,2
0.1,-4015.2966579088984,2
0.1,-4025.7165793883382,2
0.1,-4022.598095627014,2
0.1,-4021.496984173885,2
0.1,-4016.512148020618,2
0.1,-4022.0072922675718,2
0.1,-4020.017714230061,2
0.1,-4020.3061793964525,2
0.1,-4023.4251865191204,2
0.1,-4020.6921261498615,2
0.1,-4023.5641572148897,2
0.1,-4020.7885438623366,2
0.1,-4022.5611266508977,2
0.1,-4020.2641795791983,2
0.1,-4019.6859232868132,2
0.1,-4019.606601476923,2
0.1,-4025.311594088768,2
0.1,-4016.075538020031,2
0.1,-4022.370614855817,2
0.1,-4024.2433595944894,2
0.1,-4023.048406777281,2
0.1,-4014.202005821923,2
0.1,-4023.782300646182,2
0.1,-4016.22143191362,2
0.1,-4023.112806204027,2
0.1,-4018.4103943156506,2
0.1,-4021.7690639051857,2
0.1,-4016.031757506671,2
0.1,-4016.8027939465173,2
0.1,-4018.9738488966245,2
0.1,-4024.7226401579915,2
0.1,-4016.19682869807,2
0.1,-4018.6419869782785,2
0.1,-4019.8351384831926,2
0.1,-4017.1803669219703,2
0.1,-4020.2035503980587,2
0.1,-4019.303134353552,2
0.1,-4020.9579239551013,2
0.1,-4019.2768708581652,2
0.1,-4017.107617695773,2
0.1,-4025.5135936303177,2
0.1,-4020.9992416987034,2
0.1,-4023.5970261909106,2
0.1,-4014.742943614819,2
0.1,-4022.8907252676318,2
0.1,-4018.5412201538975,2
0.1,-4019.8217690228726,2
0.1,-4023.2968581329487,2
0.1,-4014.368776563629,2
0.1,-4023.9437074747725,2
0.1,-4026.297673762108,2
0.1,-4023.7216645033645,2
0.1,-4021.261440574769,2
0.1,-4018.9025528986817,2
0.1,-4018.2056890094154,2
0.1,-4016.0296824175566,2
0.1,-4022.7913635096024,2
0.1,-4020.499036046427,2
0.1,-4016.536780936411,2
0.1,-4021.3332709661568,2
0.1,-4024.0555159571354,2
0.1,-4021.9217662838532,2
0.1,-4022.691115378789,2
0.1,-4022.029969464663,2
0.1,-4017.646397137226,2
0.1,-4023.634387873683,2
0.1,-4014.8511513162493,2
0.1,-4023.2244865224034,2
0.1,-4020.6458058900225,2
0.1,-4020.609562706456,2
0.1,-4026.260716814375,2
0.1,-4019.0104328709017,2
0.1,-4014.968830263985,2
0.1,-4025.462883669238,2
0.1,-4023.56367645274,2
0.1,-4018.719900840707,2
0.1,-4016.588964709817,2
0.1,-4021.5829785784426,2
0.1,-4022.2391897069565,2
0.1,-4019.0399684150225,2
0.1,-4020.6551861542894,2
0.1,-4020.534214656921,2
0.1,-4021.804915775544,2
0.1,-4020.8271481305846,2
0.1,-4017.924895249775,2
0.1,-4019.641769056291,2
0.1,-4019.362651660471,2
0.1,-4020.7306828425153,2
0.1,-4024.866196910698,2
0.1,-4014.383270920917,2
0.1,-4018.0820504515927,2
0.1,-4018.7327460878137,2
0.1,-4023.394299788579,2
0.1,-4024.03324324678,2
0.1,-4021.7215162012976,2
0.1,-4019.2301022131046,2
0.1,-4021.62093193261,2
0.1,-4016.7102153156,2
0.1,-4022.0322309005132,2
0.2,-4028.2272070844465,2
0.2,-4025.9430221857224,2
0.2,-4026.5266514474633,2
0.2,-4024.5534323169595,2
0.2,-4018.2767119715336,2
0.2,-4026.5984771423773,2
0.2,-4016.015972282858,2
0.2,-4023.9685063293455,2
0.2,-4025.6914053107216,2
0.2,-4026.1239342767044,2
0.2,-4026.0907964541225,2
0.2,-4023.428699554687,2
0.2,-4024.7268164675934,2
0.2,-4022.0864539658637,2
0.2,-4022.1631629966896,2
0.2,-4016.985104644793,2
0.2,-4028.1855466475085,2
0.2,-4021.1745235454305,2
0.2,-4021.6242853786953,2
0.2,-4025.019522460373,2
0.2,-4026.2333714185256,2
0.2,-4025.6214184926807,2
0.2,-4023.9947901472815,2
0.2,-4025.2332295248866,2
0.2,-4023.479870561668,2
0.2,-4017.855836533267,2
0.2,-4020.1653475591424,2
0.2,-4023.7959520843015,2
0.2,-4018.5070638455954,2
0.2,-4024.2786678971124,2
0.2,-4019.5947634100557,2
0.2,-4021.3437951139895,2
0.2,-4021.6965319125766,2
0.2,-4019.47683216525,2
0.2,-4022.5921414621916,2
0.2,-4025.800392713274,2
0.2,-4023.61756639566,2
0.2,-4024.3574593695303,2
0.2,-4021.0400714632847,2
0.2,-4024.8773227854535,2
0.2,-4025.812382570233,2
0.2,-4014.9274866624164,2
0.2,-4024.878723959972,2
0.2,-4021.678526541629,2
0.2,-4024.9866960980407,2
0.2,-4024.142713338388,2
0.2,-4020.362266340011,2
0.2,-4022.7105993066007,2
0.2,-4021.293955713657,2
0.2,-4024.641917463673,2
0.2,-4017.2194714373795,2
0.2,-4022.994617081493,2
0.2,-4023.9407676257474,2
0.2,-4021.412014535629,2
0.2,-4025.704267723649,2
0.2,-4022.9588565103195,2
0.2,-4016.6922240810422,2
0.2,-4028.223952534855,2
0.2,-4026.7663104969324,2
0.2,-4025.616228014478,2
0.2,-4015.5437444313325,2
0.2,-4027.2043908246224,2
0.2,-4018.055908661171,2
0.2,-4026.519619983894,2
0.2,-4020.328513853503,2
0.2,-4020.0234014851076,2
0.2,-4022.0759199361855,2
0.2,-4026.0972371738853,2
0.2,-4019.457787564217,2
0.2,-4020.146942305583,2
0.2,-4024.50401257679,2
0.2,-4024.2585503388827,2
0.2,-4026.078268930516,2
0.2,-4021.1498701929463,2
0.2,-4026.9280854703557,2
0.2,-4018.1093374742195,2
0.2,-4026.898633189289,2
0.2,-4022.8108742736044,2
0.2,-4025.270308930777,2
0.2,-4025.426036573426,2
0.2,-4025.2741707825817,2
0.2,-4021.580776525416,2
0.2,-4025.2529197565186,2
0.2,-4025.0932837646246,2
0.2,-4021.700716939201,2
0.2,-4024.0150686138263,2
0.2,-4021.162825921274,2
0.2,-4025.283827659367,2
0.2,-4022.473510598104,2
0.2,-4022.155737287699,2
0.2,-4020.4156060545733,2
0.2,-4019.9747205959275,2
0.2,-4023.1677995600144,2
0.2,-4027.6442134885965,2
0.2,-4023.30923156132,2
0.2,-4028.667007126586,2
0.2,-4021.765048852368,2
0.2,-4024.2654081125297,2
0.2,-4026.7801913438257,2
0.2,-4027.329372788782,2
0.3,-4023.4769060890917,2
0.3,-4025.08549433673,2
0.3,-4017.3845692526743,2
0.3,-4025.9073966387987,2
0.3,-4021.167457712991,2
0.3,-4022.571229339965,2
0.3,-4024.8391789523594,2
0.3,-4020.558475470004,2
0.3,-4022.9927737049456,2
0.3,-4018.8698747216,2
0.3,-4024.9347500141375,2
0.3,-4029.4286245801636,2
0.3,-4024.2031176394466,2
0.3,-4015.9556771035514,2
0.3,-4024.2985308289926,2
0.3,-4027.8244486624726,2
0.3,-4016.4366520097383,2
0.3,-4017.8652048375357,2
0.3,-4022.8072054681834,2
0.3,-4023.6211021975278,2
0.3,-4024.761992617132,2
0.3,-4019.7083828271057,2
0.3,-4016.205329381865,2
0.3,-4023.347013733257,2
0.3,-4024.1007772795583,2
0.3,-4023.2314062345695,2
0.3,-4026.316508545457,2
0.3,-4024.3585968813336,2
0.3,-4023.324721956858,2
0.3,-4023.9613793368208,2
0.3,-4026.352783644244,2
0.3,-4021.346131707726,2
0.3,-4017.8217337865226,2
0.3,-4026.724385330023,2
0.3,-4025.4131099583246,2
0.3,-4023.023320079675,2
0.3,-4025.6031371486492,2
0.3,-4024.2757391042815,2
0.3,-4018.4163772847214,2
0.3,-4020.1214097064294,2
0.3,-4019.8497184687253,2
0.3,-4019.4390884128093,2
0.3,-4023.294645534696,2
0.3,-4025.5654975858656,2
0.3,-4019.801516038352,2
0.3,-4021.3471270226137,2
0.3,-4023.8740510574926,2
0.3,-4021.701110778945,2
0.3,-4024.061060986924,2
0.3,-4020.072482626491,2
0.3,-4021.4243483410883,2
0.3,-4019.0671263444406,2
0.3,-4019.1329187107,2
0.3,-4017.9383752981616,2
0.3,-4023.6085934169987,2
0.3,-4021.1670938198145,2
0.3,-4018.762842647019,2
0.3,-4022.504959202884,2
0.3,-4021.894766150691,2
0.3,-4023.74419453528,2
0.3,-4018.836561465146,2
0.3,-4028.012817453695,2
0.3,-4020.410177987495,2
0.3,-4024.871583507914,2
0.3,-4026.1568496943673,2
0.3,-4018.7186698420596,2
0.3,-4019.7191823007583,2
0.3,-4020.5694313201902,2
0.3,-4021.050576069447,2
0.3,-4020.4177349714682,2
0.3,-4025.065245999457,2
0.3,-4019.456223268787,2
0.3,-4025.640576869218,2
0.3,-4021.1272337335454,2
0.3,-4018.4650294107437,2
0.3,-4018.865074713777,2
0.3,-4025.0888336973812,2
0.3,-4025.4343011940073,2
0.3,-4021.881367512574,2
0.3,-4021.015551948407,2
0.3,-4023.7451916020655,2
0.3,-4021.0469659312207,2
0.3,-4026.455774737941,2
0.3,-4024.361407950022,2
0.3,-4025.475701395725,2
0.3,-4017.7647411605944,2
0.3,-4022.9298115738134,2
0.3,-4022.458441052887,2
0.3,-4018.900104712395,2
0.3,-4016.3962121896398,2
0.3,-4020.5580416102016,2
0.3,-4023.898587680438,2
0.3,-4023.004963935515,2
0.3,-4023.3607563172504,2
0.3,-4018.9483301268206,2
0.3,-4021.004374110601,2
0.3,-4021.5054426013144,2
0.3,-4017.500452814977,2
0.3,-4023.199289269818,2
0.3,-4018.0041495519968,2
0.4,-4025.534374856267,2
0.4,-4024.3598581393835,2
0.4,-4022.6932767824055,2
0.4,-4023.602517377488,2
0.4,-4026.226064673254,2
0.4,-4024.6232711938737,2
0.4,-4017.4794182869246,2
0.4,-4027.6892130377773,2
0.4,-4021.597830403641,2
0.4,-4021.3281026285576,2
0.4,-4022.188423144858,2
0.4,-4025.7697361717433,2
0.4,-4021.6476502908017,2
0.4,-4022.916110868198,2
0.4,-4022.129261673208,2
0.4,-4025.4658264300283,2
0.4,-4022.888828405606,2
0.4,-4025.96528404505,2
0.4,-4025.7114506251623,2
0.4,-4022.986305850773,2
0.4,-4021.965445028348,2
0.4,-4026.549567304876,2
0.4,-4020.8679694675902,2
0.4,-4020.3116913256476,2
0.4,-4021.7378904259763,2
0.4,-4021.36598659871,2
0.4,-4028.861849101565,2
0.4,-4018.5680132975795,2
0.4,-4020.7645422029495,2
0.4,-4020.339714676816,2
0.4,-4017.184242290588,2
0.4,-4025.356773333315,2
0.4,-4022.843574539008,2
0.4,-4021.548873421019,2
0.4,-4025.1568780035877,2
0.4,-4019.9747363229394,2
0.4,-4023.6120845302557,2
0.4,-4022.462550182203,2
0.4,-4018.839990528667,2
0.4,-4023.360564192079,2
0.4,-4020.2718425917474,2
0.4,-4021.255753501872,2
0.4,-4019.035165977362,2
0.4,-4018.858540484713,2
0.4,-4020.072041902674,2
0.4,-4025.45887488259,2
0.4,-4019.6265385552892,2
0.4,-4019.913585687914,2
0.4,-4022.9714230735913,2
0.4,-4020.3434025124434,2
0.4,-4025.6471008201934,2
0.4,-4023.3485961465954,2
0.4,-4017.586089981741,2
0.4,-4024.6110904197126,2
0.4,-4020.191589364392,2
0.4,-4021.34861929496,2
0.4,-4021.60321040846,2
0.4,-4023.1651248959597,2
0.4,-4018.1171895301145,2
0.4,-4017.3851699099564,2
0.4,-4022.6742412221224,2
0.4,-4025.069879926108,2
0.4,-4023.0465920856227,2
0.4,-4019.7541367024223,2
0.4,-4025.904085556367,2
0.4,-4021.4958142074647,2
0.4,-4019.041052568104,2
0.4,-4023.792747282757,2
0.4,-4026.875723320858,2
0.4,-4026.7970198734906,2
0.4,-4020.5608316379476,2
0.4,-4021.866360186578,2
0.4,-4023.7562497107083,2
0.4,-4022.186741378988,2
0.4,-4020.004776615276,2
0.4,-4017.4375435402876,2
0.4,-4020.540257112972,2
0.4,-4019.9242623937557,2
0.4,-4021.762450992432,2
0.4,-4021.446951541978,2
0.4,-4025.2352249270953,2
0.4,-4027.154993011327,2
0.4,-4022.170038040721,2
0.4,-4026.818955815453,2
0.4,-4019.882204864721,2
0.4,-4021.615591696879,2
0.4,-4015.4269178964914,2
0.4,-4024.0987049994674,2
0.4,-4020.5553540342985,2
0.4,-4023.456818271951,2
0.4,-4025.47727555772,2
0.4,-4023.697067903995,2
0.4,-4018.156597631996,2
0.4,-4027.899635334299,2
0.4,-4018.4313439188118,2
0.4,-4019.375610897633,2
0.4,-4020.1423919123763,2
0.4,-4022.640248983098,2
0.4,-4019.9855230166913,2
0.4,-4017.5866150798656,2
0.5,-4018.60370588475,2
0.5,-4024.2525037460323,2
0.5,-4025.1393775153833,2
0.5,-4019.427546608146,2
0.5,-4019.2639013311805,2
0.5,-4017.1238200205394,2
0.5,-4023.278419072443,2
0.5,-4024.6594402007086,2
0.5,-4018.249469657131,2
0.5,-4015.044943369639,2
0.5,-4021.3224861535887,2
0.5,-4019.885350293022,2
0.5,-4022.581028064147,2
0.5,-4015.3214361233577,2
0.5,-4023.4491909190638,2
0.5,-4024.0074261751092,2
0.5,-4028.1631386374456,2
0.5,-4018.467225627643,2
0.5,-4021.6178123758177,2
0.5,-4020.135356533392,2
0.5,-4025.299790646113,2
0.5,-4018.7233054152275,2
0.5,-4018.8939254362126,2
0.5,-4020.1795732016353,2
0.5,-4018.213728940064,2
0.5,-4019.457686179205,2
0.5,-4016.632588281036,2
0.5,-4023.189398692736,2
0.5,-4023.6329839230066,2
0.5,-4021.0771871577726,2
0.5,-4024.154225440386,2
0.5,-4023.3843825978133,2
0.5,-4021.604566630654,2
0.5,-4014.6259761767296,2
0.5,-4024.5450752106763,2
0.5,-4021.527704783966,2
0.5,-4022.8923397490103,2
0.5,-4020.273294565695,2
0.5,-4020.478359895332,2
0.5,-4013.587412616505,2
0.5,-4022.871980277081,2
0.5,-4017.2539670136894,2
0.5,-4026.5542846400654,2
0.5,-4023.8449873501118,2
0.5,-4020.9118507643757,2
0.5,-4022.810738789012,2
0.5,-4022.24773515924,2
0.5,-4026.0808393089587,2
0.5,-4020.674604499627,2
0.5,-4022.2837632577266,2
0.5,-4022.323527031557,2
0.5,-4018.9276435293455,2
0.5,-4021.6540160525833,2
0.5,-4022.064743303526,2
0.5,-4026.3623120274724,2
0.5,-4019.9938885004835,2
0.5,-4024.4066818146694,2
0.5,-4015.4216881155253,2
0.5,-4019.787269297485,2
0.5,-4025.0483833081244,2
0.5,-4018.3899883609574,2
0.5,-4023.8829354684963,2
0.5,-4025.2851455377313,2
0.5,-4022.165099695627,2
0.5,-4024.4843346891744,2
0.5,-4026.5661266577804,2
0.5,-4021.1133179240187,2
0.5,-4015.3670660224916,2
0.5,-4024.631547796367,2
0.5,-4020.1447520174497,2
0.5,-4015.9751915439156,2
0.5,-4019.3455446585813,2
0.5,-4021.559092717001,2
0.5,-4021.0182965374165,2
0.5,-4026.0202011668803,2
0.5,-4024.637464822194,2
0.5,-4018.587203755246,2
0.5,-4026.2095183081833,2
0.5,-4024.166968564222,2
0.5,-4015.5868850913175,2
0.5,-4023.0329778975647,2
0.5,-4019.39506300458,2
0.5,-4023.5065843105854,2
0.5,-4018.1150423927784,2
0.5,-4020.8798984801515,2
0.5,-4021.0295985344446,2
0.5,-4011.9259632249587,2
0.5,-4025.9797271757316,2
0.5,-4020.67649181637,2
0.5,-4024.21002534232,2
0.5,-4021.0304930849115,2
0.5,-4018.457875886047,2
0.5,-4024.6531990937206,2
0.5,-4023.601305833408,2
0.5,-4018.232915855534,2
0.5,-4017.2713175463805,2
0.5,-4023.2803270741765,2
0.5,-4022.6542392104484,2
0.5,-4018.205864409726,2
0.5,-4017.726214227797,2
0.6,-4017.4447744652593,2
0.6,-4027.6288628654365,2
0.6,-4025.170670211849,2
0.6,-4023.2142936582713,2
0.6,-4017.144462225738,2
0.6,-4017.5619523866176,2
0.6,-4021.5474768925365,2
0.6,-4023.0674244810584,2
0.6,-4021.8010334217515,2
0.6,-4016.102459499623,2
0.6,-4016.2989373069145,2
0.6,-4026.9491475932414,2
0.6,-4023.231579017128,2
0.6,-4028.2460465252416,2
0.6,-4028.1858852102514,2
0.6,-4020.88163855208,2
0.6,-4025.005241397107,2
0.6,-4018.3337464656693,2
0.6,-4023.661159265594,2
0.6,-4021.6577315227355,2
0.6,-4016.284502115969,2
0.6,-4022.8907233853874,2
0.6,-4016.6922554280454,2
0.6,-4020.129056221133,2
0.6,-4020.2599154167056,2
0.6,-4019.5288219528425,2
0.6,-4026.343955615988,2
0.6,-4018.6419952301176,2
0.6,-4022.7332496718363,2
0.6,-4023.8051284772896,2
0.6,-4019.7352848888195,2
0.6,-4018.4101931012556,2
0.6,-4024.657589986847,2
0.6,-4025.5255570030527,2
0.6,-4022.8911413988403,2
0.6,-4026.0068619210806,2
0.6,-4015.6537127535103,2
0.6,-4026.469675582509,2
0.6,-4025.5495779314856,2
0.6,-4020.473701754678,2
0.6,-4024.106009915315,2
0.6,-4024.751824392661,2
0.6,-4023.80649367068,2
0.6,-4026.458154008499,2
0.6,-4019.8808292152426,2
0.6,-4020.5680596344937,2
0.6,-4023.9020091434345,2
0.6,-4021.9707549375694,2
0.6,-4021.8493095923573,2
0.6,-4018.3126751169975,2
0.6,-4026.4437907963793,2
0.6,-4022.306730424628,2
0.6,-4022.7640240316655,2
0.6,-4024.799275281202,2
0.6,-4018.266089720906,2
0.6,-4021.9074892029057,2
0.6,-4015.4441995976795,2
0.6,-4018.9740246050687,2
0.6,-4025.092161312813,2
0.6,-4022.382110398158,2
0.6,-4024.312546820639,2
0.6,-4019.5373262677235,2
0.6,-4017.2312791137283,2
0.6,-4020.225418471006,2
0.6,-4028.5655214604967,2
0.6,-4017.9307779288665,2
0.6,-4017.9370076604896,2
0.6,-4026.740721819194,2
0.6,-4019.48303124902,2
0.6,-4019.5214333042845,2
0.6,-4019.711656312971,2
0.6,-4018.5572882834053,2
0.6,-4019.6833152825793,2
0.6,-4023.753006441108,2
0.6,-4020.392820876216,2
0.6,-4022.467973252028,2
0.6,-4018.6642451255157,2
0.6,-4019.24278229234,2
0.6,-4024.9753163772143,2
0.6,-4021.660403735083,2
0.6,-4024.607363888199,2
0.6,-4024.143700340225,2
0.6,-4022.3629697621595,2
0.6,-4025.0851948088653,2
0.6,-4020.0980826172276,2
0.6,-4025.6043682579693,2
0.6,-4014.932393681426,2
0.6,-4024.8997216163234,2
0.6,-4024.6959833482624,2
0.6,-4017.6278972888554,2
0.6,-4025.8138798195,2
0.6,-4024.7537355310865,2
0.6,-4019.1389403143457,2
0.6,-4026.0368221492636,2
0.6,-4018.365716735537,2
0.6,-4020.9990953194188,2
0.6,-4017.4898997761748,2
0.6,-4028.6256201670285,2
0.6,-4023.475403801467,2
0.6,-4023.4038298079704,2
0.7,-4018.9322834315158,2
0.7,-4022.4088060513104,2
0.7,-4024.5005362284633,2
0.7,-4020.3941731571235,2
0.7,-4020.520370697374,2
0.7,-4017.796215754092,2
0.7,-4018.194149828963,2
0.7,-4023.613462257682,2
0.7,-4020.31877745457,2
0.7,-4021.0071032496885,2
0.7,-4026.826299834609,2
0.7,-4026.582421883971,2
0.7,-4019.4399591327133,2
0.7,-4016.852038373103,2
0.7,-4026.1239549649954,2
0.7,-4027.3244859871143,2
0.7,-4023.065009039028,2
0.7,-4022.662204505472,2
0.7,-4022.2854879356914,2
0.7,-4026.0468683936283,2
0.7,-4024.8225574650046,2
0.7,-4015.10713662128,2
0.7,-4028.0642797059577,2
0.7,-4025.4567699803124,2
0.7,-4023.570232922086,2
0.7,-4018.056788319111,2
0.7,-4028.8052441567015,2
0.7,-4017.5742995658893,2
0.7,-4020.1926601954624,2
0.7,-4023.4078790101066,2
0.7,-4021.606439789744,2
0.7,-4022.783781179363,2
0.7,-4020.135011275579,2
0.7,-4024.7849052549354,2
0.7,-4022.3593071156615,2
0.7,-4026.268540962946,2
0.7,-4022.1911168356964,2
0.7,-4023.858990178198,2
0.7,-4022.7310015957505,2
0.7,-4020.086617599118,2
0.7,-4024.382792992199,2
0.7,-4027.8240805193363,2
0.7,-4022.057408148174,2
0.7,-4023.8077987481875,2
0.7,-4023.6465265252386,2
0.7,-4024.825327845553,2
0.7,-4029.804200251685,2
0.7,-4025.3757060578077,2
0.7,-4019.457152957435,2
0.7,-4022.5895402817096,2
0.7,-4023.4370697336276,2
0.7,-4018.963910832427,2
0.7,-4022.4311890935796,2
0.7,-4025.771011871248,2
0.7,-4023.8516325099017,2
0.7,-4023.9572951733894,2
0.7,-4020.4656593238783,2
0.7,-4022.0130408395817,2
0.7,-4022.572162107441,2
0.7,-4025.613142042387,2
0.7,-4021.486015249025,2
0.7,-4023.8732572900913,2
0.7,-4020.7482132249565,2
0.7,-4022.744470861867,2
0.7,-4023.521578918662,2
0.7,-4019.3641353154812,2
0.7,-4025.9162360229175,2
0.7,-4024.101925811,2
0.7,-4018.5584467541735,2
0.7,-4020.095649102228,2
0.7,-4023.0433020012624,2
0.7,-4025.7099440678426,2
0.7,-4017.7989412353672,2
0.7,-4024.073723491354,2
0.7,-4021.3939445473216,2
0.7,-4029.590610992545,2
0.7,-4014.224259073497,2
0.7,-4027.002962566136,2
0.7,-4017.635792097604,2
0.7,-4021.93614824093,2
0.7,-4021.1614537385167,2
0.7,-4016.2432637587685,2
0.7,-4023.722383853227,2
0.7,-4016.533438062492,2
0.7,-4023.8656577010643,2
0.7,-4019.1228552828043,2
0.7,-4020.64190896491,2
0.7,-4023.8752452674903,2
0.7,-4019.2096384561855,2
0.7,-4023.020731473766,2
0.7,-4025.171444877987,2
0.7,-4027.1228310540564,2
0.7,-4020.9864909495623,2
0.7,-4021.7289848576465,2
0.7,-4021.021184586247,2
0.7,-4016.54528138413,2
0.7,-4021.5034826208166,2
0.7,-4019.625326154453,2
0.7,-4025.14568568413,2
0.7,-4025.766182029243,2
0.8,-4029.5495107900765,2
0.8,-4025.287922715736,2
0.8,-4022.5210575536153,2
0.8,-4021.356757076504,2
0.8,-4018.2381528722017,2
0.8,-4027.765189861593,2
0.8,-4024.7114393759957,2
0.8,-4022.844343979046,2
0.8,-4027.4063594326367,2
0.8,-4019.1276897871603,2
0.8,-4021.1542258566233,2
0.8,-4029.168872372819,2
0.8,-4021.9324619591016,2
0.8,-4017.0273138697466,2
0.8,-4021.2064615826794,2
0.8,-4021.5086260561848,2
0.8,-4017.7643186997666,2
0.8,-4020.793814192288,2
0.8,-4021.7757189221525,2
0.8,-4023.689411992249,2
0.8,-4024.1308749560926,2
0.8,-4023.7368612145838,2
0.8,-4024.167199778308,2
0.8,-4027.94105651066,2
0.8,-4017.943496533121,2
0.8,-4021.9208189055703,2
0.8,-4026.6196655123567,2
0.8,-4025.5731412505456,2
0.8,-4021.961986716023,2
0.8,-4020.72540237056,2
0.8,-4021.0263508584535,2
0.8,-4018.730777873144,2
0.8,-4018.0293431037517,2
0.8,-4024.080754948961,2
0.8,-4027.8735123772685,2
0.8,-4017.424496473429,2
0.8,-4025.3142585123323,2
0.8,-4027.111319462599,2
0.8,-4025.4192304388953,2
0.8,-4015.061218922892,2
0.8,-4026.509089319343,2
0.8,-4022.363421591923,2
0.8,-4019.809466940867,2
0.8,-4027.07310889965,2
0.8,-4027.6671729467334,2
0.8,-4027.365409477825,2
0.8,-4022.367578280565,2
0.8,-4019.729661823315,2
0.8,-4017.8754019208827,2
0.8,-4023.117933368342,2
0.8,-4021.7161631495305,2
0.8,-4026.812821404011,2
0.8,-4027.596208011234,2
0.8,-4031.690351749748,2
0.8,-4029.2319239017665,2
0.8,-4028.223048385861,2
0.8,-4025.7176249086415,2
0.8,-4024.144689064376,2
0.8,-4024.8102870795383,2
0.8,-4022.203305953422,2
0.8,-4028.1068928051122,2
0.8,-4026.7556226779384,2
0.8,-4021.570963105163,2
0.8,-4022.186917109131,2
0.8,-4021.5008255765583,2
0.8,-4020.325971787217,2
0.8,-4025.6481872681984,2
0.8,-4023.5604710860052,2
0.8,-4026.941647995505,2
0.8,-4025.9453930409686,2
0.8,-4018.358505539122,2
0.8,-4023.140482813178,2
0.8,-4023.6465746199056,2
0.8,-4025.790035742612,2
0.8,-4025.091145638188,2
0.8,-4023.1658746875864,2
0.8,-4019.0138106022077,2
0.8,-4017.9265807760266,2
0.8,-4022.2905815429317,2
0.8,-4026.6968372104866,2
0.8,-4024.2575935706955,2
0.8,-4020.171422775655,2
0.8,-4024.755996693059,2
0.8,-4024.6521141883045,2
0.8,-4023.889251694359,2
0.8,-4027.585375873998,2
0.8,-4020.6963909992605,2
0.8,-4026.7655639433683,2
0.8,-4021.53427308477,2
0.8,-4020.119555758889,2
0.8,-4018.192898655848,2
0.8,-4025.1306457646947,2
0.8,-4020.389890180894,2
0.8,-4026.23519366042,2
0.8,-4027.1127127389263,2
0.8,-4023.693218870765,2
0.8,-4023.6845042302784,2
0.8,-4029.414360846324,2
0.8,-4022.103911756957,2
0.8,-4017.8749471841293,2
0.9,-4020.688219771833,2
0.9,-4022.5557014214096,2
0.9,-4025.576186068269,2
0.9,-4019.5081479318374,2
0.9,-4019.1215366315078,2
0.9,-4014.5380390057103,2
0.9,-4020.8477519862327,2
0.9,-4017.2862265555054,2
0.9,-4021.1330656946798,2
0.9,-4015.9972209596167,2
0.9,-4020.99610946973,2
0.9,-4020.6061579058487,2
0.9,-4020.1642107472667,2
0.9,-4017.7732795514844,2
0.9,-4021.4832230572333,2
0.9,-4020.4435395005194,2
0.9,-4023.4396993105747,2
0.9,-4020.6245024616974,2
0.9,-4018.1983310145033,2
0.9,-4022.9321408165974,2
0.9,-4021.048875049956,2
0.9,-4015.9267877222887,2
0.9,-4023.0889497742783,2
0.9,-4020.4505909988343,2
0.9,-4018.117339088592,2
0.9,-4021.8300952528525,2
0.9,-4019.56358624656,2
0.9,-4026.8178857905496,2
0.9,-4024.2061992011613,2
0.9,-4023.836515471607,2
0.9,-4023.3535300730055,2
0.9,-4019.7043669182394,2
0.9,-4022.7707400914987,2
0.9,-4024.3062960553793,2
0.9,-4017.2808256422604,2
0.9,-4020.4498864821735,2
0.9,-4019.5567680731224,2
0.9,-4020.892359886074,2
0.9,-4009.783481636933,2
0.9,-4019.799557766104,2
0.9,-4025.654765635202,2
0.9,-4019.592956546788,2
0.9,-4023.21572198255,2
0.9,-4018.9974983644643,2
0.9,-4021.438655000281,2
0.9,-4017.7178131010382,2
0.9,-4015.5455160398487,2
0.9,-4028.1461625411107,2
0.9,-4021.602458509968,2
0.9,-4022.3958377837,2
0.9,-4022.39122646863,2
0.9,-4018.9301919734157,2
0.9,-4023.2903594902436,2
0.9,-4022.068818801514,2
0.9,-4025.37862718709,2
0.9,-4023.366655457098,2
0.9,-4022.081260485158,2
0.9,-4014.1884658428,2
0.9,-4013.4594433484326,2
0.9,-4022.4331736993263,2
0.9,-4017.361825138938,2
0.9,-4022.545082619167,2
0.9,-4023.977980380466,2
0.9,-4020.2779737850647,2
0.9,-4024.964189406823,2
0.9,-4023.9290843761487,2
0.9,-4020.847413658221,2
0.9,-4022.9599324529063,2
0.9,-4021.627120971791,2
0.9,-4024.4254640416457,2
0.9,-4024.4761291903,2
0.9,-4017.5763060890863,2
0.9,-4022.570197869169,2
0.9,-4017.713757397466,2
0.9,-4026.277845088837,2
0.9,-4020.026074957305,2
0.9,-4014.5495725783153,2
0.9,-4026.953454402507,2
0.9,-4015.6659971061554,2
0.9,-4014.792011138492,2
0.9,-4021.4621748442432,2
0.9,-4019.681803653522,2
0.9,-4016.8172415116296,2
0.9,-4015.828415587933,2
0.9,-4021.7620546236017,2
0.9,-4019.4789998297256,2
0.9,-4016.3740689061724,2
0.9,-4022.395190444083,2
0.9,-4020.5830427590067,2
0.9,-4020.7238700560592,2
0.9,-4016.9518383832597,2
0.9,-4022.006122356105,2
0.9,-4014.7112418971788,2
0.9,-4016.0819322985385,2
0.9,-4018.118679168468,2
0.9,-4021.832792858648,2
0.9,-4020.3448111911425,2
0.9,-4019.969516029834,2
0.9,-4024.3627621615115,2
0.9,-4022.2123498541578,2
1.0,-4024.4482851860816,2
1.0,-4017.1120753481537,2
1.0,-4022.2650870816556,2
1.0,-4023.187084760249,2
1.0,-4017.8367112186693,2
1.0,-4022.370295171442,2
1.0,-4021.463996789767,2
1.0,-4027.511212198189,2
1.0,-4018.2011150981275,2
1.0,-4016.0644555632,2
1.0,-4024.9152806441966,2
1.0,-4018.4656973440246,2
1.0,-4027.002149221278,2
1.0,-4026.890292943009,2
1.0,-4022.4855795886374,2
1.0,-4021.3733883894997,2
1.0,-4017.6476469180084,2
1.0,-4018.758533610901,2
1.0,-4026.207506250201,2
1.0,-4023.3123839110735,2
1.0,-4020.375734796587,2
1.0,-4026.290154323948,2
1.0,-4023.663446013916,2
1.0,-4018.831924928841,2
1.0,-4026.8836642554156,2
1.0,-4024.6579069942295,2
1.0,-4019.0777892949372,2
1.0,-4023.3968833280687,2
1.0,-4025.3597124358935,2
1.0,-4021.8749217999934,2
1.0,-4025.5302666411676,2
1.0,-4019.8368352801467,2
1.0,-4026.806668020805,2
1.0,-4024.800335381079,2
1.0,-4022.5648168694993,2
1.0,-4019.585768268935,2
1.0,-4025.99701205509,2
1.0,-4017.9638661619188,2
1.0,-4020.3296029577696,2
1.0,-4021.8573905561148,2
1.0,-4021.4631906665218,2
1.0,-4025.2617682504215,2
1.0,-4016.3016163141247,2
1.0,-4019.714774670467,2
1.0,-4021.698973491369,2
1.0,-4018.497982544586,2
1.0,-4018.2269585175095,2
1.0,-4019.987942496304,2
1.0,-4015.1979683589593,2
1.0,-4018.1006540834087,2
1.0,-4019.9670955987485,2
1.0,-4019.4435678272876,2
1.0,-4019.477211833013,2
1.0,-4015.685468230522,2
1.0,-4021.774464502205,2
1.0,-4019.3829404803855,2
1.0,-4019.4958273158372,2
1.0,-4021.171784209522,2
1.0,-4024.5331129485844,2
1.0,-4024.8899373833515,2
1.0,-4020.270135443159,2
1.0,-4027.2743294134348,2
1.0,-4024.0389592515194,2
1.0,-4021.0745730312688,2
1.0,-4021.2085526748338,2
1.0,-4024.75823595724,2
1.0,-4023.9043472129706,2
1.0,-4018.965133057313,2
1.0,-4020.4828949149223,2
1.0,-4027.2043966306683,2
1.0,-4026.848502819548,2
1.0,-4017.1864023812163,2
1.0,-4023.5422146999986,2
1.0,-4021.276028001732,2
1.0,-4025.4399727754544,2
1.0,-4021.940516644916,2
1.0,-4022.269955847732,2
1.0,-4028.768267577047,2
1.0,-4023.1271373181244,2
1.0,-4028.804501338146,2
1.0,-4019.3795692468816,2
1.0,-4027.8106292104403,2
1.0,-4028.245677137749,2
1.0,-4025.0615510577727,2
1.0,-4023.8321442430656,2
1.0,-4018.566842198515,2
1.0,-4026.5911155586964,2
1.0,-4022.3707908534866,2
1.0,-4018.6324566844046,2
1.0,-4022.523751806904,2
1.0,-4018.814103389085,2
1.0,-4022.1013951578648,2
1.0,-4026.487747004591,2
1.0,-4017.656907653841,2
1.0,-4021.6268571472033,2
1.0,-4027.5493213776585,2
1.0,-4025.280026359631,2
1.0,-4023.295816067005,2
1.0,-4022.3451456013368,2
1.0,-4019.2487899477155,2
0.1,-4023.8108878114576,3
0.1,-4010.57060399298,3
0.1,-4023.712370511786,3
0.1,-4026.07289573318,3
0.1,-4026.183898200679,3
0.1,-4020.232236202031,3
0.1,-4022.9640126699715,3
0.1,-4014.9447034407544,3
0.1,-4011.8056754072854,3
0.1,-4023.1116100159,3
0.1,-4024.1023247064118,3
0.1,-4022.4541569648973,3
0.1,-4027.941139858875,3
0.1,-4016.8592732821317,3
0.1,-4024.3238547042397,3
0.1,-4021.04432814284,3
0.1,-4019.9239806743126,3
0.1,-4022.772209076601,3
0.1,-4023.849608656096,3
0.1,-4019.6400292076046,3
0.1,-4019.9201800328997,3
0.1,-4021.3688109710006,3
0.1,-4017.116770337787,3
0.1,-4024.148337158244,3
0.1,-4018.6696013520404,3
0.1,-4021.665112658651,3
0.1,-4024.0350700090066,3
0.1,-4023.866887592107,3
0.1,-4024.572569632418,3
0.1,-4018.3207841926296,3
0.1,-4024.2367716815324,3
0.1,-4024.8803824937745,3
0.1,-4019.8106501681727,3
0.1,-4015.9104218487037,3
0.1,-4017.0693034561623,3
0.1,-4020.0942620434657,3
0.1,-4015.4615408125883,3
0.1,-4016.3871923816246,3
0.1,-4028.3020770351573,3
0.1,-4015.5485069533265,3
0.1,-4021.4898140299315,3
0.1,-4022.180433879866,3
0.1,-4017.5090775178546,3
0.1,-4018.8236255763154,3
0.1,-4022.56816443544,3
0.1,-4017.166016549786,3
0.1,-4018.0099120494056,3
0.1,-4014.1129174498983,3
0.1,-4018.770046761934,3
0.1,-4026.975776762929,3
0.1,-4012.212591412053,3
0.1,-4010.1849368368203,3
0.1,-4024.2741459343556,3
0.1,-4017.9044240485937,3
0.1,-4015.358976437257,3
0.1,-4021.4362845278533,3
0.1,-4023.291228925356,3
0.1,-4018.32248111496,3
0.1,-4021.062309561385,3
0.1,-4025.8223797018227,3
0.1,-4020.331622026625,3
0.1,-4020.0029556112418,3
0.1,-4021.4939634867505,3
0.1,-4009.031437076167,3
0.1,-4021.837722468853,3
0.1,-4017.712216165399,3
0.1,-4015.2597636464193,3
0.1,-4021.3649766618273,3
0.1,-4021.604813975936,3
0.1,-4017.966745465807,3
0.1,-4023.4958583256716,3
0.1,-4017.152777692258,3
0.1,-4017.9287172477316,3
0.1,-4016.828135422085,3
0.1,-4012.46369816762,3
0.1,-4024.720429060112,3
0.1,-4018.4162792040343,3
0.1,-4022.287767888469,3
0.1,-4028.042948577546,3
0.1,-4014.1621605260493,3
0.1,-4017.2352364165995,3
0.1,-4021.0780419548582,3
0.1,-4025.671417404544,3
0.1,-4020.2442109090744,3
0.1,-4016.40033999312,3
0.1,-4020.5930449662656,3
0.1,-4023.6142842770387,3
0.1,-4020.0682839590577,3
0.1,-4018.5407174928614,3
0.1,-4020.0589571740074,3
0.1,-4005.7549770675014,3
0.1,-4019.3131094192972,3
0.1,-4030.784282630932,3
0.1,-4013.920849856826,3
0.1,-4023.6122073061138,3
0.1,-4019.0629592798,3
0.1,-4025.1791875387585,3
0.1,-4017.0587226750076,3
0.1,-4020.349973086839,3
0.1,-4016.5714898718566,3
0.2,-4018.279187786844,3
0.2,-4024.5895722796486,3
0.2,-4015.731382792941,3
0.2,-4024.45918707946,3
0.2,-4024.273894902943,3
0.2,-4021.3089683782205,3
0.2,-4021.810480174887,3
0.2,-4020.9388625868623,3
0.2,-4026.6488123884646,3
0.2,-4024.6645179728093,3
0.2,-4023.0304403089053,3
0.2,-4017.04784119575,3
0.2,-4021.8936004128946,3
0.2,-4017.148857495984,3
0.2,-4028.0188143329156,3
0.2,-4019.984965794651,3
0.2,-4028.639921111316,3
0.2,-4022.4145932099013,3
0.2,-4023.534191172024,3
0.2,-4021.1072755359223,3
0.2,-4017.0506869051287,3
0.2,-4021.5055803197374,3
0.2,-4020.7035862028224,3
0.2,-4028.923233920534,3
0.2,-4019.9310350247956,3
0.2,-4017.643804473855,3
0.2,-4025.3160326807683,3
0.2,-4019.6378651752775,3
0.2,-4027.2085858628975,3
0.2,-4027.7298624632353,3
0.2,-4020.0427938224,3
0.2,-4028.8783000241515,3
0.2,-4019.573605215256,3
0.2,-4022.094400749994,3
0.2,-4014.1298575601622,3
0.2,-4022.0338856328062,3
0.2,-4024.7535138409703,3
0.2,-4018.6312322733834,3
0.2,-4016.4831726315897,3
0.2,-4021.4970301515227,3
0.2,-4019.3190788799543,3
0.2,-4029.3005500486047,3
0.2,-4023.359524793672,3
0.2,-4023.771146339213,3
0.2,-4019.0597859780855,3
0.2,-4024.913705190523,3
0.2,-4021.0356539528816,3
0.2,-4026.0646207612353,3
0.2,-4027.1736265451354,3
0.2,-4019.134655446083,3
0.2,-4016.1837788860103,3
0.2,-4021.477820497637,3
0.2,-4019.2825618075854,3
0.2,-4021.915596788933,3
0.2,-4019.496881965676,3
0.2,-4019.414489309436,3
0.2,-4020.794395169312,3
0.2,-4021.5028528072185,3
0.2,-4027.6854543365985,3
0.2,-4022.352151652048,3
0.2,-4014.7946047483374,3
0.2,-4021.257591919834,3
0.2,-4014.3669918889054,3
0.2,-4019.0395719480684,3
0.2,-4023.271632956034,3
0.2,-4019.1924533529027,3
0.2,-4027.4616093258996,3
0.2,-4024.157383398418,3
0.2,-4024.2643657766985,3
0.2,-4022.3239711561587,3
0.2,-4023.518244374721,3
0.2,-4021.3200980919505,3
0.2,-4024.507298470752,3
0.2,-4019.135488553065,3
0.2,-4025.708295048912,3
0.2,-4030.1026744115475,3
0.2,-4021.369639794031,3
0.2,-4023.9060479241525,3
0.2,-4022.7966993824148,3
0.2,-4017.5330686318675,3
0.2,-4025.7737755925737,3
0.2,-4019.6813318957797,3
0.2,-4025.4361223146857,3
0.2,-4020.1975793149113,3
0.2,-4019.894086475156,3
0.2,-4029.566802360979,3
0.2,-4027.6602095223893,3
0.2,-4017.5981821218884,3
0.2,-4025.9530938652797,3
0.2,-4022.125903373414,3
0.2,-4023.468088208915,3
0.2,-4018.0534628984747,3
0.2,-4021.0674067084337,3
0.2,-4019.360993345384,3
0.2,-4022.5591491852942,3
0.2,-4019.7467458258125,3
0.2,-4027.167146113105,3
0.2,-4022.8185648998974,3
0.2,-4015.20714789379,3
0.2,-4021.5326929516523,3
0.3,-4022.1956206672035,3
0.3,-4022.244695884044,3
0.3,-4014.8802188006134,3
0.3,-4025.282582748641,3
0.3,-4022.0330866505483,3
0.3,-4017.2465581640135,3
0.3,-4021.2788411177003,3
0.3,-4017.6280092336315,3
0.3,-4023.798169532052,3
0.3,-4027.723543354691,3
0.3,-4025.892769037254,3
0.3,-4023.5897325864403,3
0.3,-4018.475880775382,3
0.3,-4025.9895149190825,3
0.3,-4021.456900174885,3
0.3,-4017.2817050110207,3
0.3,-4022.8933754046516,3
0.3,-4022.580230975641,3
0.3,-4018.9651592953182,3
0.3,-4014.54762419365,3
0.3,-4018.725499387459,3
0.3,-4026.570067064933,3
0.3,-4018.0723493210685,3
0.3,-4021.929333956145,3
0.3,-4026.0830843518447,3
0.3,-4014.2970622009034,3
0.3,-4020.101650439958,3
0.3,-4017.9858607424358,3
0.3,-4023.0228875513203,3
0.3,-4024.257299445503,3
0.3,-4025.1474968145126,3
0.3,-4013.3893479762864,3
0.3,-4017.914511193618,3
0.3,-4015.488142087874,3
0.3,-4018.0519662447778,3
0.3,-4015.338631253138,3
0.3,-4019.880228201809,3
0.3,-4022.5796964372375,3
0.3,-4018.078328137323,3
0.3,-4026.8319819935564,3
0.3,-4023.8439057098853,3
0.3,-4021.1377229953,3
0.3,-4022.686583112084,3
0.3,-4020.517301237568,3
0.3,-4022.9118331446034,3
0.3,-4024.4642773655864,3
0.3,-4026.7845588413456,3
0.3,-4023.670223366034,3
0.3,-4018.2014502544653,3
0.3,-4017.269100394731,3
0.3,-4025.418907890299,3
0.3,-4020.439089703783,3
0.3,-4017.7586718176635,3
0.3,-4022.153861651644,3
0.3,-4026.450536472168,3
0.3,-4015.342198112756,3
0.3,-4017.4868815313257,3
0.3,-4019.398437279196,3
0.3,-4019.63046591049,3
0.3,-4021.1902499398984,3
0.3,-4020.9459317544024,3
0.3,-4028.9564188218524,3
0.3,-4024.2134489199198,3
0.3,-4019.102374665763,3
0.3,-4019.5550640739593,3
0.3,-4028.5848629421016,3
0.3,-4024.9404021374207,3
0.3,-4020.6304849494377,3
0.3,-4016.1223990178737,3
0.3,-4020.4632692829764,3
0.3,-4022.9145048582377,3
0.3,-4020.72091637713,3
0.3,-4027.139139299399,3
0.3,-4026.5589546965725,3
0.3,-4020.317410186143,3
0.3,-4016.947767972177,3
0.3,-4024.9945948138156,3
0.3,-4021.2579320482,3
0.3,-4022.7934485312308,3
0.3,-4024.597040648345,3
0.3,-4013.022184587458,3
0.3,-4020.7591538782485,3
0.3,-4016.1460863426987,3
0.3,-4025.6919862204027,3
0.3,-4024.594628099328,3
0.3,-4019.7023910044454,3
0.3,-4021.437904615165,3
0.3,-4021.1457767214406,3
0.3,-4013.0531571757824,3
0.3,-4025.160418373089,3
0.3,-4017.0820100776755,3
0.3,-4022.4995457410278,3
0.3,-4018.456755114462,3
0.3,-4027.2674228562605,3
0.3,-4018.70040868349,3
0.3,-4026.913055992493,3
0.3,-4019.7469470570422,3
0.3,-4016.9121749634055,3
0.3,-4022.700108991806,3
0.3,-4027.466178281646,3
0.4,-4024.6575022525512,3
0.4,-4025.070781775095,3
0.4,-4013.972010751972,3
0.4,-4018.505818059875,3
0.4,-4023.9781769038113,3
0.4,-4017.065397051058,3
0.4,-4017.628552885874,3
0.4,-4016.6865408839667,3
0.4,-4023.817666847031,3
0.4,-4023.316716620562,3
0.4,-4022.3605944680253,3
0.4,-4020.5754575253577,3
0.4,-4021.679232727403,3
0.4,-4022.6944131808127,3
0.4,-4021.0023500263105,3
0.4,-4019.452057752783,3
0.4,-4021.796544854639,3
0.4,-4025.6140447663447,3
0.4,-4028.0291628030077,3
0.4,-4024.128132925924,3
0.4,-4032.219448544756,3
0.4,-4022.4140349924755,3
0.4,-4020.7778028981675,3
0.4,-4021.2507351710506,3
0.4,-4027.6399908801554,3
0.4,-4021.7796061905487,3
0.4,-4024.737077325847,3
0.4,-4019.3637278550596,3
0.4,-4019.916799366063,3
0.4,-4019.8639996698225,3
0.4,-4023.7335561051823,3
0.4,-4014.6284444360763,3
0.4,-4020.19086032737,3
0.4,-4024.435496158825,3
0.4,-4024.7781137047878,3
0.4,-4020.340273562689,3
0.4,-4020.535265507511,3
0.4,-4020.7616780299395,3
0.4,-4024.3692425647846,3
0.4,-4016.048077556657,3
0.4,-4024.171185431935,3
0.4,-4018.0352559546145,3
0.4,-4024.7265527494806,3
0.4,-4014.8402838194875,3
0.4,-4022.7573278803807,3
0.4,-4025.2996400427423,3
0.4,-4017.027706576228,3
0.4,-4020.125783247197,3
0.4,-4021.6382442450786,3
0.4,-4021.7209372351704,3
0.4,-4026.827419709303,3
0.4,-4013.613705456356,3
0.4,-4022.8874225687937,3
0.4,-4024.543398790759,3
0.4,-4026.3975002096226,3
0.4,-4022.68654138661,3
0.4,-4020.5761892774685,3
0.4,-4024.371689264394,3
0.4,-4016.529251066519,3
0.4,-4027.7670377917284,3
0.4,-4017.9493562665934,3
0.4,-4021.4071188861903,3
0.4,-4025.2946014378717,3
0.4,-4011.5876359212566,3
0.4,-4019.1628951439147,3
0.4,-4022.1864797351814,3
0.4,-4022.6518512299704,3
0.4,-4022.7905396975048,3
0.4,-4024.081395432688,3
0.4,-4022.5314456406923,3
0.4,-4024.3313413418227,3
0.4,-4024.1641595428723,3
0.4,-4020.615031116853,3
0.4,-4017.7028908993193,3
0.4,-4018.8914796932645,3
0.4,-4028.152595205364,3
0.4,-4020.501734366695,3
0.4,-4022.433701084926,3
0.4,-4027.076996634106,3
0.4,-4019.049762968148,3
0.4,-4021.523376898248,3
0.4,-4020.5024083978406,3
0.4,-4023.4744700257525,3
0.4,-4022.089093555572,3
0.4,-4025.8322474439096,3
0.4,-4022.3499986618735,3
0.4,-4025.404130561496,3
0.4,-4020.3164617610114,3
0.4,-4030.082873865686,3
0.4,-4024.9687797870133,3
0.4,-4022.8858146202574,3
0.4,-4021.463854255294,3
0.4,-4020.6104324538687,3
0.4,-4020.18616145758,3
0.4,-4021.0868739146817,3
0.4,-4027.2030299004737,3
0.4,-4023.549726878635,3
0.4,-4021.7606599371197,3
0.4,-4027.446402132567,3
0.4,-4029.8884894496605,3
0.5,-4016.500571126728,3
0.5,-4021.552742347406,3
0.5,-4022.4755301395116,3
0.5,-4026.2783680986454,3
0.5,-4020.390007620798,3
0.5,-4010.224694024625,3
0.5,-4022.3799820498066,3
0.5,-4020.0242276450003,3
0.5,-4026.0450401046205,3
0.5,-4016.651771725827,3
0.5,-4027.842899961832,3
0.5,-4021.940621427839,3
0.5,-4018.70797505654,3
0.5,-4023.673351021917,3
0.5,-4026.227135366992,3
0.5,-4024.3582907991895,3
0.5,-4019.143348508551,3
0.5,-4023.226627206306,3
0.5,-4019.7932697383703,3
0.5,-4025.0094846589327,3
0.5,-4020.7526279288954,3
0.5,-4021.647683663328,3
0.5,-4027.3346683943887,3
0.5,-4014.2300132161745,3
0.5,-4017.7699423217687,3
0.5,-4022.202424679264,3
0.5,-4028.4367982170397,3
0.5,-4020.5944857387044,3
0.5,-4020.7043185489956,3
0.5,-4024.4704863568554,3
0.5,-4021.4695646067694,3
0.5,-4019.834108789262,3
0.5,-4022.5498561785403,3
0.5,-4026.2947546414553,3
0.5,-4020.079177523479,3
0.5,-4019.6420532688435,3
0.5,-4018.9003201215046,3
0.5,-4030.559896852943,3
0.5,-4022.216421916086,3
0.5,-4013.9512785375196,3
0.5,-4016.3046033231935,3
0.5,-4023.2740892571264,3
0.5,-4022.234872150169,3
0.5,-4019.2417404530815,3
0.5,-4015.164969311679,3
0.5,-4019.67294972026,3
0.5,-4026.4615423700734,3
0.5,-4019.3898997610863,3
0.5,-4024.461286063016,3
0.5,-4016.9513702560216,3
0.5,-4018.736722201264,3
0.5,-4024.493105003801,3
0.5,-4020.316851679385,3
0.5,-4026.589768200704,3
0.5,-4013.078731230121,3
0.5,-4023.328463999711,3
0.5,-4017.84513386426,3
0.5,-4022.4469870666117,3
0.5,-4024.417285585511,3
0.5,-4023.231344065494,3
0.5,-4025.2936518016204,3
0.5,-4021.782672104123,3
0.5,-4021.6989721579544,3
0.5,-4020.7328892152696,3
0.5,-4018.067379989378,3
0.5,-4028.9990716230623,3
0.5,-4019.1033780662488,3
0.5,-4026.8830692228385,3
0.5,-4019.9386917186257,3
0.5,-4021.6124599522486,3
0.5,-4018.067470563856,3
0.5,-4022.401014875857,3
0.5,-4011.0378493593666,3
0.5,-4018.9315309732388,3
0.5,-4019.3582789316497,3
0.5,-4020.25286912778,3
0.5,-4016.95293018804,3
0.5,-4014.8471942924234,3
0.5,-4021.573607119139,3
0.5,-4029.2275455065446,3
0.5,-4025.7876609485843,3
0.5,-4009.1708793677776,3
0.5,-4011.6172990938453,3
0.5,-4018.515192019914,3
0.5,-4021.4648008404974,3
0.5,-4019.2838087942523,3
0.5,-4016.09342243293,3
0.5,-4019.514906489675,3
0.5,-4012.792102188241,3
0.5,-4022.3142740975227,3
0.5,-4013.0920648718,3
0.5,-4021.517535643432,3
0.5,-4024.0355538447106,3
0.5,-4032.6619484439007,3
0.5,-4026.169845920522,3
0.5,-4014.272130116239,3
0.5,-4024.607547435593,3
0.5,-4021.2866573032306,3
0.5,-4015.822031521633,3
0.5,-4022.723666926553,3
0.6,-4021.335030531716,3
0.6,-4017.090322318157,3
0.6,-4024.164966888014,3
0.6,-4024.3127968121403,3
0.6,-4031.2230062558046,3
0.6,-4010.3634412298147,3
0.6,-4019.7210270209766,3
0.6,-4021.3707276647847,3
0.6,-4023.8824923986417,3
0.6,-4018.848449052049,3
0.6,-4027.540749382054,3
0.6,-4018.8766328597176,3
0.6,-4028.5083781677313,3
0.6,-4024.9086031999527,3
0.6,-4023.4445734411083,3
0.6,-4019.01238690446,3
0.6,-4032.3840973569995,3
0.6,-4019.9794276208836,3
0.6,-4018.3509299601556,3
0.6,-4029.8506613763284,3
0.6,-4017.4862455768925,3
0.6,-4018.469332016814,3
0.6,-4012.3026493675484,3
0.6,-4026.184135550095,3
0.6,-4026.4831568627947,3
0.6,-4023.907520259776,3
0.6,-4024.3598178625753,3
0.6,-4027.8458576658027,3
0.6,-4016.1111122245816,3
0.6,-4026.8055028907224,3
0.6,-4020.7362547122157,3
0.6,-4028.439983049926,3
0.6,-4023.1816898296265,3
0.6,-4016.9410862128047,3
0.6,-4023.793231730705,3
0.6,-4020.489868301562,3
0.6,-4023.7728316477956,3
0.6,-4026.2668883199544,3
0.6,-4016.8510112031586,3
0.6,-4020.34103850517,3
0.6,-4018.827833306906,3
0.6,-4022.542853150556,3
0.6,-4017.5113160018764,3
0.6,-4013.293087082594,3
0.6,-4026.379940644965,3
0.6,-4016.948025308239,3
0.6,-4022.2831932134973,3
0.6,-4024.6196625953316,3
0.6,-4018.3499291696467,3
0.6,-4022.9333431169816,3
0.6,-4023.130101924808,3
0.6,-4024.756115252109,3
0.6,-4019.783534058808,3
0.6,-4028.2574083189943,3
0.6,-4021.2601015256496,3
0.6,-4017.902872955767,3
0.6,-4021.211196657089,3
0.6,-4028.3486276291246,3
0.6,-4023.7325025170862,3
0.6,-4027.513041828732,3
0.6,-4020.6932873544647,3
0.6,-4023.526828690549,3
0.6,-4024.7840583400343,3
0.6,-4024.275075249107,3
0.6,-4020.939656276766,3
0.6,-4020.5425355958464,3
0.6,-4021.950776725368,3
0.6,-4023.8833494813757,3
0.6,-4020.5389133713957,3
0.6,-4020.2255612977774,3
0.6,-4021.5744160969675,3
0.6,-4018.4164531106717,3
0.6,-4023.130006739631,3
0.6,-4018.9671842561224,3
0.6,-4017.4190099004236,3
0.6,-4027.3675644305104,3
0.6,-4019.3549246252333,3
0.6,-4019.7351206024055,3
0.6,-4022.3298964189544,3
0.6,-4023.2167312821607,3
0.6,-4018.755248383689,3
0.6,-4023.0449425245993,3
0.6,-4021.095201244577,3
0.6,-4028.658701814317,3
0.6,-4024.301864950538,3
0.6,-4015.8621132240337,3
0.6,-4020.1576675798983,3
0.6,-4024.1010194264,3
0.6,-4013.829434054737,3
0.6,-4030.607337617016,3
0.6,-4026.7392428744097,3
0.6,-4023.4651204906895,3
0.6,-4028.9513172974825,3
0.6,-4025.3519295577307,3
0.6,-4020.206580003163,3
0.6,-4021.3852120224115,3
0.6,-4026.883297482307,3
0.6,-4021.6156438554335,3
0.6,-4026.8966828157154,3
0.6,-4029.269095917713,3
0.7,-4019.5621912298666,3
0.7,-4023.673448361828,3
0.7,-4026.336906514884,3
0.7,-4021.4301870809527,3
0.7,-4026.348158171017,3
0.7,-4017.3514426363186,3
0.7,-4022.6648669768592,3
0.7,-4022.234878494036,3
0.7,-4020.8216958001894,3
0.7,-4030.689616885974,3
0.7,-4024.2211853319745,3
0.7,-4009.5753475951656,3
0.7,-4026.458560781572,3
0.7,-4024.686965988703,3
0.7,-4019.6768782676245,3
0.7,-4022.7363507033197,3
0.7,-4022.3589941359046,3
0.7,-4017.063006812864,3
0.7,-4017.990804353973,3
0.7,-4022.071177115439,3
0.7,-4023.7830811302933,3
0.7,-4027.8478363472655,3
0.7,-4026.900689185028,3
0.7,-4023.316795168207,3
0.7,-4018.6159155447494,3
0.7,-4021.6832900438235,3
0.7,-4019.833585892256,3
0.7,-4023.456587527355,3
0.7,-4023.2116413088825,3
0.7,-4023.1518164933946,3
0.7,-4021.097389082008,3
0.7,-4029.9889559841213,3
0.7,-4018.854535905359,3
0.7,-4013.8995740641312,3
0.7,-4023.0655397933324,3
0.7,-4025.29996186985,3
0.7,-4024.9691939243967,3
0.7,-4017.9264842306,3
0.7,-4026.14203180477,3
0.7,-4025.7319811033926,3
0.7,-4025.4457812416417,3
0.7,-4015.7931914629944,3
0.7,-4017.045220473995,3
0.7,-4017.071597948202,3
0.7,-4029.2520175535633,3
0.7,-4016.2636022810066,3
0.7,-4017.499125764883,3
0.7,-4021.925254458702,3
0.7,-4025.5781668651975,3
0.7,-4023.0326013463728,3
0.7,-4029.5756223024246,3
0.7,-4023.4851757180954,3
0.7,-4018.3627692287932,3
0.7,-4023.5071157253733,3
0.7,-4020.144127684132,3
0.7,-4029.964775706342,3
0.7,-4017.2945480381054,3
0.7,-4021.5961553463308,3
0.7,-4020.7537861516475,3
0.7,-4026.3339274692066,3
0.7,-4018.9525337758378,3
0.7,-4026.1947145048007,3
0.7,-4020.1462020742356,3
0.7,-4020.6668097367206,3
0.7,-4026.2611707882106,3
0.7,-4026.6991116134996,3
0.7,-4020.539529498835,3
0.7,-4020.7232950664743,3
0.7,-4025.876733479394,3
0.7,-4025.4877939395087,3
0.7,-4018.3065315092103,3
0.7,-4021.7245174666905,3
0.7,-4026.0419668481563,3
0.7,-4025.8527686489733,3
0.7,-4019.1957331157423,3
0.7,-4023.25380589026,3
0.7,-4019.4972707823854,3
0.7,-4023.2826483226463,3
0.7,-4017.9323305973467,3
0.7,-4026.3289605837967,3
0.7,-4033.122501455723,3
0.7,-4023.048469719425,3
0.7,-4022.2973017823233,3
0.7,-4026.6557961760277,3
0.7,-4027.214976366164,3
0.7,-4023.956406623627,3
0.7,-4024.108962052942,3
0.7,-4024.7194769359166,3
0.7,-4021.7030565758528,3
0.7,-4022.3134551079734,3
0.7,-4020.4233343234014,3
0.7,-4020.014277168527,3
0.7,-4020.031409920526,3
0.7,-4023.7595946605206,3
0.7,-4025.1248527653247,3
0.7,-4018.787767717914,3
0.7,-4026.517697813655,3
0.7,-4018.451030711082,3
0.7,-4028.231026756094,3
0.7,-4019.3144669100557,3
0.8,-4024.0536982348285,3
0.8,-4028.304146257571,3
0.8,-4023.9374109733235,3
0.8,-4025.3380019135334,3
0.8,-4017.6078344936413,3
0.8,-4031.3221647822897,3
0.8,-4022.875694836766,3
0.8,-4024.8642509358406,3
0.8,-4030.8770258432064,3
0.8,-4037.2644046012892,3
0.8,-4028.5818342429693,3
0.8,-4022.683447552118,3
0.8,-4029.539222661268,3
0.8,-4029.289637776652,3
0.8,-4034.121659316082,3
0.8,-4032.4291335311295,3
0.8,-4027.655970772402,3
0.8,-4026.66805634011,3
0.8,-4025.679629973782,3
0.8,-4027.5734538765737,3
0.8,-4022.5532950016204,3
0.8,-4029.867159447133,3
0.8,-4025.0139655372514,3
0.8,-4026.3053896764304,3
0.8,-4024.2032273306227,3
0.8,-4023.460533067867,3
0.8,-4027.1439364831485,3
0.8,-4022.439353572464,3
0.8,-4021.1822972583395,3
0.8,-4023.3148475633793,3
0.8,-4024.705517031022,3
0.8,-4028.448303361456,3
0.8,-4026.1996405646046,3
0.8,-4024.2640338215033,3
0.8,-4019.0109574125877,3
0.8,-4024.6596324417565,3
0.8,-4027.521976425647,3
0.8,-4024.983340521326,3
0.8,-4024.930386721256,3
0.8,-4030.266087311444,3
0.8,-4021.7740851767544,3
0.8,-4024.257240762307,3
0.8,-4029.140009391677,3
0.8,-4031.266858110523,3
0.8,-4020.6081643326243,3
0.8,-4024.6688067588866,3
0.8,-4014.3830412529214,3
0.8,-4031.9438176475433,3
0.8,-4023.6772507690766,3
0.8,-4021.218868827403,3
0.8,-4027.8679092085267,3
0.8,-4027.4041147859166,3
0.8,-4022.2537920675577,3
0.8,-4031.952795330541,3
0.8,-4026.7788008505345,3
0.8,-4024.972456796038,3
0.8,-4032.0519253108337,3
0.8,-4020.97616632048,3
0.8,-4021.5083343147917,3
0.8,-4020.4629388369262,3
0.8,-4026.18550376639,3
0.8,-4031.0942409764907,3
0.8,-4023.23857696406,3
0.8,-4025.8561857670593,3
0.8,-4018.834221502671,3
0.8,-4026.638812770314,3
0.8,-4030.0865886844313,3
0.8,-4024.7060997069652,3
0.8,-4027.094135267955,3
0.8,-4017.736307698816,3
0.8,-4023.0818859419196,3
0.8,-4025.2269430770334,3
0.8,-4026.835854330045,3
0.8,-4023.5616583002434,3
0.8,-4022.495707323845,3
0.8,-4030.794744920479,3
0.8,-4021.354413662343,3
0.8,-4032.081987072849,3
0.8,-4024.2571876774996,3
0.8,-4024.9556324236496,3
0.8,-4023.596727500074,3
0.8,-4018.279396180825,3
0.8,-4026.7152448218335,3
0.8,-4025.8784862846883,3
0.8,-4024.151589664,3
0.8,-4026.1257212874198,3
0.8,-4028.2078735959317,3
0.8,-4022.1550367486752,3
0.8,-4027.2353350834733,3
0.8,-4026.5742448279816,3
0.8,-4027.697399239108,3
0.8,-4023.527484869594,3
0.8,-4024.063272453042,3
0.8,-4015.8774583133077,3
0.8,-4026.9507469116197,3
0.8,-4032.311286792878,3
0.8,-4021.362563143484,3
0.8,-4023.5006025122575,3
0.8,-4024.2744801402177,3
0.8,-4022.4082031606613,3
0.9,-4021.5954490971903,3
0.9,-4025.877348916285,3
0.9,-4024.336161997615,3
0.9,-4024.8079616857012,3
0.9,-4015.8206488925453,3
0.9,-4025.8922879809265,3
0.9,-4020.4928327990806,3
0.9,-4022.445671729359,3
0.9,-4022.2744303491972,3
0.9,-4020.246624359316,3
0.9,-4015.0988535264937,3
0.9,-4029.121127822142,3
0.9,-4020.6716921441116,3
0.9,-4022.3405992269436,3
0.9,-4023.528817433706,3
0.9,-4018.883621987143,3
0.9,-4015.209895197045,3
0.9,-4016.558768864773,3
0.9,-4016.074667877589,3
0.9,-4018.897861227872,3
0.9,-4025.5663427705504,3
0.9,-4019.6586233714793,3
0.9,-4016.348701249853,3
0.9,-4017.0443790332465,3
0.9,-4019.7960758181093,3
0.9,-4022.5258917112074,3
0.9,-4016.6386207838223,3
0.9,-4026.1381044922396,3
0.9,-4026.492235892881,3
0.9,-4019.3719666944426,3
0.9,-4025.4115849192835,3
0.9,-4021.682672239505,3
0.9,-4030.8186573187504,3
0.9,-4006.5937034680987,3
0.9,-4025.6042409102783,3
0.9,-4022.3626207179423,3
0.9,-4018.084595546507,3
0.9,-4022.658586488256,3
0.9,-4017.5028371216695,3
0.9,-4019.918258511319,3
0.9,-4020.045763465859,3
0.9,-4022.296708142366,3
0.9,-4017.8736228353864,3
0.9,-4018.196012431446,3
0.9,-4017.946799561258,3
0.9,-4028.155214505573,3
0.9,-4025.1206465482023,3
0.9,-4018.9414140380272,3
0.9,-4018.3210876628837,3
0.9,-4017.0583138185066,3
0.9,-4028.842724679611,3
0.9,-4025.755853343561,3
0.9,-4025.5081743654505,3
0.9,-4020.515437576163,3
0.9,-4017.0760043083233,3
0.9,-4023.1992992739783,3
0.9,-4019.084311176698,3
0.9,-4016.57734588905,3
0.9,-4016.675633185839,3
0.9,-4014.2796693258097,3
0.9,-4016.25691717306,3
0.9,-4017.586567789243,3
0.9,-4018.4413513830605,3
0.9,-4019.93392508938,3
0.9,-4023.8179400225536,3
0.9,-4019.2039655861445,3
0.9,-4018.796905727479,3
0.9,-4019.9805794729564,3
0.9,-4022.0294706516256,3
0.9,-4023.2253576064772,3
0.9,-4020.284834099582,3
0.9,-4019.828964546991,3
0.9,-4023.3436155696636,3
0.9,-4017.406085243144,3
0.9,-4024.3138640621964,3
0.9,-4023.9238907279905,3
0.9,-4006.719369515777,3
0.9,-4026.1890869470953,3
0.9,-4020.3487945938127,3
0.9,-4016.541873356665,3
0.9,-4016.5173727492456,3
0.9,-4021.712579355769,3
0.9,-4015.8115405081003,3
0.9,-4017.7197352273065,3
0.9,-4020.658838488587,3
0.9,-4025.8407585040395,3
0.9,-4017.9005115888344,3
0.9,-4028.07317740521,3
0.9,-4023.3309270997192,3
0.9,-4016.7806701831028,3
0.9,-4022.5660261225257,3
0.9,-4015.6578901659914,3
0.9,-4017.466621223746,3
0.9,-4016.906286093652,3
0.9,-4021.988982558616,3
0.9,-4029.9428510517064,3
0.9,-4012.4611565388896,3
0.9,-4022.02900298485,3
0.9,-4015.2844157792856,3
0.9,-4017.768429963902,3
1.0,-4026.9598034695655,3
1.0,-4032.5503507599074,3
1.0,-4025.5654946089467,3
1.0,-4026.7615303656653,3
1.0,-4020.924325647378,3
1.0,-4020.730236768799,3
1.0,-4021.3111431815682,3
1.0,-4022.845481840192,3
1.0,-4016.7856770786075,3
1.0,-4016.4698951545865,3
1.0,-4025.206767858764,3
1.0,-4027.5394334107395,3
1.0,-4021.5649148707275,3
1.0,-4023.4245518918633,3
1.0,-4018.721686270093,3
1.0,-4020.009932762447,3
1.0,-4021.1656395700006,3
1.0,-4021.2528252422517,3
1.0,-4030.099894593043,3
1.0,-4028.9565123670495,3
1.0,-4013.596033886857,3
1.0,-4017.604634886445,3
1.0,-4022.187561167477,3
1.0,-4022.039277069656,3
1.0,-4018.1514963032337,3
1.0,-4027.8229491441352,3
1.0,-4022.9251105739104,3
1.0,-4024.078138364518,3
1.0,-4025.6096151870483,3
1.0,-4026.467528413312,3
1.0,-4024.8021319923555,3
1.0,-4019.276499676392,3
1.0,-4017.8240523500335,3
1.0,-4021.0548860903727,3
1.0,-4019.649187770845,3
1.0,-4022.86691961531,3
1.0,-4020.120918241708,3
1.0,-4020.0671263026456,3
1.0,-4029.162390258119,3
1.0,-4027.028783895298,3
1.0,-4025.175500008016,3
1.0,-4021.576556452442,3
1.0,-4023.9796180922,3
1.0,-4010.005707439977,3
1.0,-4026.010862070641,3
1.0,-4028.6076324323253,3
1.0,-4029.9534814029294,3
1.0,-4023.20835701082,3
1.0,-4027.8989322847424,3
1.0,-4025.0008491118433,3
1.0,-4023.177442633436,3
1.0,-4026.921826693826,3
1.0,-4029.4902390485663,3
1.0,-4020.405260291777,3
1.0,-4027.4272632410784,3
1.0,-4024.1426996162395,3
1.0,-4027.4528131127604,3
1.0,-4022.1047754497617,3
1.0,-4023.6047947867028,3
1.0,-4016.4471442443496,3
1.0,-4023.268659088394,3
1.0,-4014.7922391890897,3
1.0,-4021.793902924976,3
1.0,-4027.7567163137833,3
1.0,-4023.1620208830604,3
1.0,-4018.3131541809526,3
1.0,-4023.081887593391,3
1.0,-4023.009623487136,3
1.0,-4014.7010662498865,3
1.0,-4025.2211984713526,3
1.0,-4023.716881879474,3
1.0,-4017.690356321523,3
1.0,-4030.6486477403923,3
1.0,-4029.3115893442673,3
1.0,-4028.936327738091,3
1.0,-4021.978463585149,3
1.0,-4025.148358373076,3
1.0,-4021.419979165507,3
1.0,-4017.6435468692616,3
1.0,-4027.1846318868957,3
1.0,-4022.0590779253976,3
1.0,-4021.8141791925277,3
1.0,-4021.8844227433538,3
1.0,-4019.5694681154173,3
1.0,-4033.1119258499425,3
1.0,-4016.7017767903944,3
1.0,-4017.6685906864227,3
1.0,-4017.0386211312884,3
1.0,-4013.00020224535,3
1.0,-4026.479639577488,3
1.0,-4028.5586098714584,3
1.0,-4019.097792011342,3
1.0,-4027.3546346757585,3
1.0,-4025.543222270221,3
1.0,-4023.628131651434,3
1.0,-4024.858055542795,3
1.0,-4015.491906788934,3
1.0,-4026.611970262725,3
1.0,-4024.7176970483315,3
1.0,-4015.5830139700665,3
0.1,-4005.272542426426,4
0.1,-4014.0039379353757,4
0.1,-4022.3262977007407,4
0.1,-4010.918738935784,4
0.1,-4020.5634544898753,4
0.1,-4019.3231284898598,4
0.1,-4003.6482634683603,4
0.1,-4021.1782267253666,4
0.1,-4017.5988561527306,4
0.1,-4004.3097100711525,4
0.1,-3999.443731417838,4
0.1,-4011.1375900601097,4
0.1,-4009.619236708679,4
0.1,-4013.762245410535,4
0.1,-4027.393629103027,4
0.1,-4015.402485650656,4
0.1,-4019.7773706597286,4
0.1,-4020.8161362151964,4
0.1,-4010.9199435662713,4
0.1,-4017.862897893824,4
0.1,-4024.406582358862,4
0.1,-4017.663718320428,4
0.1,-4020.234416782229,4
0.1,-4011.3130903029582,4
0.1,-4009.139198353532,4
0.1,-4017.118781504428,4
0.1,-4000.831199182878,4
0.1,-4017.675005366573,4
0.1,-4022.880489320502,4
0.1,-4024.6036630213434,4
0.1,-4010.4526324133617,4
0.1,-4018.142951059494,4
0.1,-4012.8623322899334,4
0.1,-4008.9876191976873,4
0.1,-4017.5369441208427,4
0.1,-4006.4570099261227,4
0.1,-4019.2577910664795,4
0.1,-4012.1140278288653,4
0.1,-4013.509856058693,4
0.1,-4011.602605727761,4
0.1,-4015.802423357185,4
0.1,-4013.8187208520917,4
0.1,-4022.238595284453,4
0.1,-4013.9422707611343,4
0.1,-4010.057081692612,4
0.1,-4030.4072340387065,4
0.1,-4023.265446790651,4
0.1,-4017.686725959544,4
0.1,-4018.06385839709,4
0.1,-4016.1872264661406,4
0.1,-4010.586402281549,4
0.1,-4018.952694881632,4
0.1,-4011.1499678927566,4
0.1,-4023.9515827848923,4
0.1,-4015.776875630451,4
0.1,-4009.745203864005,4
0.1,-4025.637334987652,4
0.1,-4011.306466667274,4
0.1,-4015.26585758939,4
0.1,-4017.0738094248186,4
0.1,-4006.9642968264397,4
0.1,-4015.3320871935375,4
0.1,-4011.4262766513148,4
0.1,-4027.131673503381,4
0.1,-4021.8888246196725,4
0.1,-4022.309930560177,4
0.1,-4018.598109922127,4
0.1,-4014.884680502768,4
0.1,-4016.1227898576426,4
0.1,-4010.3035677657067,4
0.1,-4021.335844236611,4
0.1,-4014.1124708463694,4
0.1,-4010.4311609621745,4
0.1,-4001.7827309644535,4
0.1,-4012.7381788934204,4
0.1,-4014.1590266291532,4
0.1,-4015.009974684786,4
0.1,-4017.1773902959385,4
0.1,-4023.8759627355316,4
0.1,-4021.7922934705866,4
0.1,-4010.173168715239,4
0.1,-4012.062296079081,4
0.1,-4010.335117281471,4
0.1,-4013.9511644314207,4
0.1,-4020.470640393486,4
0.1,-4014.8543755113024,4
0.1,-4016.790797678007,4
0.1,-4020.4579457368995,4
0.1,-4022.2512376751074,4
0.1,-4010.3015189725793,4
0.1,-4017.255207831832,4
0.1,-4008.4219450684777,4
0.1,-4018.141980364196,4
0.1,-4022.9034818902373,4
0.1,-4022.2910125297385,4
0.1,-4021.2784401329204,4
0.1,-4012.0965605574447,4
0.1,-4018.6519527477626,4
0.1,-4015.799142336818,4
0.1,-4008.36177462304,4
0.2,-4016.369191192331,4
0.2,-4019.4336677543606,4
0.2,-4012.8677299690307,4
0.2,-4006.1822495914785,4
0.2,-4022.488861708386,4
0.2,-4020.3712066471485,4
0.2,-4019.5617449343013,4
0.2,-4019.1673567163125,4
0.2,-4025.2896042042785,4
0.2,-4025.715126907743,4
0.2,-4023.1352564842705,4
0.2,-4021.3632758222257,4
0.2,-4003.778275698362,4
0.2,-4014.6932152754925,4
0.2,-4023.094214175667,4
0.2,-4012.7293396417354,4
0.2,-4011.9361368344535,4
0.2,-4021.311903438567,4
0.2,-4021.985733983934,4
0.2,-4027.044759596701,4
0.2,-4014.5114024676436,4
0.2,-4018.334983569313,4
0.2,-4029.3586812544736,4
0.2,-4017.107887832734,4
0.2,-4017.901700015936,4
0.2,-4021.9908670390623,4
0.2,-4009.743504839076,4
0.2,-4027.8749256677265,4
0.2,-4015.1027465366333,4
0.2,-4009.6497699243596,4
0.2,-4024.6057615920054,4
0.2,-4010.191483342965,4
0.2,-4017.8567997246655,4
0.2,-4019.562904095532,4
0.2,-4009.8385688419226,4
0.2,-4014.577303735619,4
0.2,-4013.6341836472534,4
0.2,-4020.071537212024,4
0.2,-4017.699942498143,4
0.2,-4022.420488708702,4
0.2,-4018.3202334061734,4
0.2,-4013.0912111178272,4
0.2,-4021.284092542812,4
0.2,-4022.323906041726,4
0.2,-4025.806765956186,4
0.2,-4013.2865077170786,4
0.2,-4024.4383934211482,4
0.2,-4016.0303725699728,4
0.2,-4010.9915225600494,4
0.2,-4015.1901269286177,4
0.2,-4031.084713371653,4
0.2,-4027.8174217280784,4
0.2,-4015.765760096461,4
0.2,-4018.4966063834554,4
0.2,-4019.816552982322,4
0.2,-4007.4388495804947,4
0.2,-4013.9275647479035,4
0.2,-4020.563509994,4
0.2,-4019.102314360774,4
0.2,-4018.3336210518914,4
0.2,-4022.7663806142505,4
0.2,-4011.587521994806,4
0.2,-4021.5282723518153,4
0.2,-4024.1757905833697,4
0.2,-4004.2942442449316,4
0.2,-4017.504142411885,4
0.2,-4023.98912852953,4
0.2,-4022.7640514284803,4
0.2,-4013.4707465204583,4
0.2,-4015.7428150493006,4
0.2,-4011.1453882738865,4
0.2,-4020.6970777920124,4
0.2,-4027.2477180500127,4
0.2,-4021.8853473345816,4
0.2,-4034.696632240342,4
0.2,-4008.2425869297235,4
0.2,-4024.6086236999126,4
0.2,-4021.2613231656856,4
0.2,-4017.262105030482,4
0.2,-4019.354341698629,4
0.2,-4022.145684481556,4
0.2,-4013.6862463453863,4
0.2,-4024.326147761883,4
0.2,-4017.0012070651655,4
0.2,-4020.710507725358,4
0.2,-4018.2599239259334,4
0.2,-4022.502578444718,4
0.2,-4008.665057303341,4
0.2,-4019.224135753334,4
0.2,-4010.619657863449,4
0.2,-4020.2040153152816,4
0.2,-4032.3957409338113,4
0.2,-4009.560314706792,4
0.2,-4013.830713627087,4
0.2,-4009.6493797174207,4
0.2,-4024.4776750650663,4
0.2,-4009.885065746663,4
0.2,-4008.867851272557,4
0.2,-4028.00757792617,4
0.2,-4018.292879304923,4
0.3,-4012.276261669306,4
0.3,-4019.265406300569,4
0.3,-4012.9802723206158,4
0.3,-4019.6061945320357,4
0.3,-4015.611593044131,4
0.3,-4019.0163880858586,4
0.3,-4014.229949638825,4
0.3,-4018.565283513059,4
0.3,-4022.5855780959278,4
0.3,-4011.9275995760468,4
0.3,-4013.327125190508,4
0.3,-4017.2850008467426,4
0.3,-4018.560059511616,4
0.3,-4015.2503790740293,4
0.3,-4023.8072468468367,4
0.3,-4018.594160625195,4
0.3,-4007.649700436198,4
0.3,-4007.0070982578823,4
0.3,-4014.320270700552,4
0.3,-4012.00501166483,4
0.3,-4016.3591713858896,4
0.3,-4009.381793987281,4
0.3,-4014.1293176882646,4
0.3,-4014.4350775920916,4
0.3,-4013.361866167914,4
0.3,-4027.871865911937,4
0.3,-4013.2173927803624,4
0.3,-4022.9097307267434,4
0.3,-4024.0817164334085,4
0.3,-4026.395104931207,4
0.3,-4011.4258457124333,4
0.3,-4016.721520603923,4
0.3,-4002.7752265626336,4
0.3,-4028.126757140205,4
0.3,-4017.1028607006365,4
0.3,-4003.029502966209,4
0.3,-4006.5171721205975,4
0.3,-4019.60805907164,4
0.3,-4013.954763362027,4
0.3,-4025.755387323963,4
0.3,-4019.9064055667936,4
0.3,-4018.337733354165,4
0.3,-4008.083972015615,4
0.3,-4008.5964954650526,4
0.3,-4013.1994787328667,4
0.3,-4015.106403152134,4
0.3,-4015.324023158,4
0.3,-4025.605597330532,4
0.3,-4017.5932115978726,4
0.3,-4014.97148618149,4
0.3,-4019.955423919894,4
0.3,-4021.9197156462683,4
0.3,-4008.977561323738,4
0.3,-4017.0601821444293,4
0.3,-4021.58963726331,4
0.3,-4013.2707667924465,4
0.3,-4011.745357228605,4
0.3,-4021.7792605966433,4
0.3,-4020.574689632063,4
0.3,-4012.366463424147,4
0.3,-4015.4304856146005,4
0.3,-4014.6743141018637,4
0.3,-4014.0039488462617,4
0.3,-4015.0091585033724,4
0.3,-4017.632928712,4
0.3,-4021.481003742149,4
0.3,-4007.826723218303,4
0.3,-4009.4704287732234,4
0.3,-4023.4840722468966,4
0.3,-4018.7034549891255,4
0.3,-4013.4186557676467,4
0.3,-4019.1477576888924,4
0.3,-4014.5370315317227,4
0.3,-4019.728488890379,4
0.3,-4011.9871156562926,4
0.3,-4010.6290218918152,4
0.3,-4017.628902162565,4
0.3,-4031.4196486084115,4
0.3,-4017.4683020493762,4
0.3,-4020.485455336705,4
0.3,-4009.1514819566464,4
0.3,-4017.032357856522,4
0.3,-4011.576636217578,4
0.3,-4024.483955817296,4
0.3,-4011.1402814186667,4
0.3,-4011.861452932841,4
0.3,-4015.52419615691,4
0.3,-4021.2330445334424,4
0.3,-4022.0755923675097,4
0.3,-4005.6173200432004,4
0.3,-4024.52272806185,4
0.3,-4017.152556739028,4
0.3,-4019.5016481849952,4
0.3,-4010.8066529818,4
0.3,-4004.286101928118,4
0.3,-4026.0977136198453,4
0.3,-4021.357342712943,4
0.3,-4018.294715097132,4
0.3,-4009.3525237410813,4
0.3,-4017.2746032607592,4
0.4,-4009.496728468727,4
0.4,-4027.714365346821,4
0.4,-4023.8066576787896,4
0.4,-4031.259472375096,4
0.4,-4013.289295757406,4
0.4,-4015.8099988050176,4
0.4,-4024.042047268901,4
0.4,-4011.6495318368384,4
0.4,-4020.7216023593364,4
0.4,-4018.883925728229,4
0.4,-4017.459128830041,4
0.4,-4010.5977194005177,4
0.4,-4012.2498922370532,4
0.4,-4024.0318626467783,4
0.4,-4021.0254688616333,4
0.4,-4017.522511696588,4
0.4,-4029.118023376911,4
0.4,-4022.039544084966,4
0.4,-4015.5097641185953,4
0.4,-4018.9660849326947,4
0.4,-4019.1747147240976,4
0.4,-4023.8320129378694,4
0.4,-4012.928766580257,4
0.4,-4018.495212435504,4
0.4,-4021.3824739023758,4
0.4,-4019.8100157829367,4
0.4,-4019.343571862437,4
0.4,-4025.1100067794287,4
0.4,-4024.159186688633,4
0.4,-4025.030079789764,4
0.4,-4027.746312256615,4
0.4,-4020.0876008010005,4
0.4,-4017.521710008465,4
0.4,-4006.6077339955314,4
0.4,-4016.850084829815,4
0.4,-4015.732705469231,4
0.4,-4015.408189639197,4
0.4,-4026.188455556283,4
0.4,-4030.802661631313,4
0.4,-4021.2964472799167,4
0.4,-4015.0853943052757,4
0.4,-4029.4841907298037,4
0.4,-4025.082716801914,4
0.4,-4027.22018794923,4
0.4,-4025.636683302878,4
0.4,-4028.4071492817075,4
0.4,-4003.2572694059445,4
0.4,-4021.620281710357,4
0.4,-4019.244907434501,4
0.4,-4024.055882090707,4
0.4,-4019.4886719240053,4
0.4,-4023.119378100831,4
0.4,-4019.2020016854412,4
0.4,-4018.38982701152,4
0.4,-4015.592679342643,4
0.4,-4014.6764338505423,4
0.4,-4026.20260605049,4
0.4,-4023.367940014985,4
0.4,-4017.372659992055,4
0.4,-4024.7979603657614,4
0.4,-4026.720203377964,4
0.4,-4027.269318882034,4
0.4,-4021.8364031068286,4
0.4,-4017.466481158867,4
0.4,-4023.3150055480364,4
0.4,-4020.6824228896453,4
0.4,-4015.1756403244863,4
0.4,-4014.5273830315605,4
0.4,-4017.472008502495,4
0.4,-4014.286478148896,4
0.4,-4025.7270078644387,4
0.4,-4022.9629220694524,4
0.4,-4022.456437180595,4
0.4,-4020.3188410808293,4
0.4,-4003.4179089656877,4
0.4,-4022.2995678175766,4
0.4,-4017.5327219759165,4
0.4,-4015.646423639835,4
0.4,-4014.8394744451302,4
0.4,-4016.554886658218,4
0.4,-4021.5910423955274,4
0.4,-4015.624450512311,4
0.4,-4018.587152165872,4
0.4,-4016.559694706988,4
0.4,-4027.858659386484,4
0.4,-4018.198000076205,4
0.4,-4031.3534071229346,4
0.4,-4025.350978527108,4
0.4,-4024.988207500887,4
0.4,-4021.114643585653,4
0.4,-4021.725006832208,4
0.4,-4016.7066571220125,4
0.4,-4022.406234111738,4
0.4,-4016.4000540831134,4
0.4,-4018.9472494082343,4
0.4,-4023.6864357124,4
0.4,-4018.5711455157943,4
0.4,-4023.202147919411,4
0.4,-4024.8112755984316,4
0.4,-4011.6677593330214,4
0.5,-4025.8664583279738,4
0.5,-4019.81504983948,4
0.5,-4014.7612576418314,4
0.5,-4017.850029061481,4
0.5,-4020.4502888433167,4
0.5,-4017.813278615816,4
0.5,-4006.8928309763273,4
0.5,-4013.5326836110653,4
0.5,-4011.468635741831,4
0.5,-4015.738820935431,4
0.5,-4021.5090212297423,4
0.5,-4014.2761511932167,4
0.5,-4014.0650471790964,4
0.5,-4005.279533231098,4
0.5,-4012.5838964729373,4
0.5,-4021.673470912446,4
0.5,-4011.515803167684,4
0.5,-4019.4722807015205,4
0.5,-4014.3076998380993,4
0.5,-4027.727542793393,4
0.5,-4022.620174291368,4
0.5,-4020.307659276952,4
0.5,-4013.222887738925,4
0.5,-4020.2258791630256,4
0.5,-4026.0953978599364,4
0.5,-4023.5528868075685,4
0.5,-4022.6327170415884,4
0.5,-4018.7707328442866,4
0.5,-4022.581226740475,4
0.5,-4024.2613251323287,4
0.5,-4015.979278786968,4
0.5,-4013.2045150174886,4
0.5,-4028.624729267201,4
0.5,-4015.468482846168,4
0.5,-4023.415160193165,4
0.5,-4018.5047913712815,4
0.5,-4021.9357365705723,4
0.5,-4015.2996981213473,4
0.5,-4022.9983999690216,4
0.5,-4012.328495663784,4
0.5,-4017.7385428925004,4
0.5,-4005.010558021091,4
0.5,-4012.942682438326,4
0.5,-4018.364446764496,4
0.5,-4006.756084331385,4
0.5,-4025.8552564338343,4
0.5,-4011.4366864845433,4
0.5,-4020.584800261414,4
0.5,-4004.0370074495536,4
0.5,-4017.223367909642,4
0.5,-4018.181153811618,4
0.5,-4010.804438089188,4
0.5,-4022.114702692869,4
0.5,-4017.8482139345147,4
0.5,-4007.728400370049,4
0.5,-4012.1027512919964,4
0.5,-4021.806997205664,4
0.5,-4008.7344805019166,4
0.5,-4021.6988270440165,4
0.5,-4023.0377465961706,4
0.5,-4025.390187643393,4
0.5,-4016.451514015995,4
0.5,-4020.298387607429,4
0.5,-4007.808496504433,4
0.5,-4024.361390983645,4
0.5,-4016.188059893078,4
0.5,-4024.0943856110466,4
0.5,-4016.3519858339046,4
0.5,-4017.3102206863955,4
0.5,-4008.242528418565,4
0.5,-4022.220032930797,4
0.5,-4010.4458543720525,4
0.5,-4013.6016767792144,4
0.5,-4003.0199825577765,4
0.5,-4018.387251342523,4
0.5,-4015.624583127448,4
0.5,-4015.630240797481,4
0.5,-4017.678203306588,4
0.5,-4015.9618709301117,4
0.5,-4011.463491591447,4
0.5,-4012.860066737863,4
0.5,-4018.078426043336,4
0.5,-4016.51627739251,4
0.5,-4010.1807468597317,4
0.5,-4017.058602224508,4
0.5,-4023.758920501433,4
0.5,-4009.751288526518,4
0.5,-4016.0652022117524,4
0.5,-4016.8427047062796,4
0.5,-4020.467013818918,4
0.5,-4020.0082771307316,4
0.5,-4025.425253328348,4
0.5,-4019.4642400214866,4
0.5,-4013.393022461103,4
0.5,-4024.804691992382,4
0.5,-4004.999072938695,4
0.5,-4016.0534102002507,4
0.5,-4025.2797034146392,4
0.5,-4013.3196633009834,4
0.5,-4025.19602421023,4
0.6,-4019.907792571763,4
0.6,-4023.402879779827,4
0.6,-4018.861581984709,4
0.6,-4018.733270383481,4
0.6,-4011.5614990469817,4
0.6,-4010.548693353408,4
0.6,-4019.1876055107145,4
0.6,-4011.196105714543,4
0.6,-4014.564814136074,4
0.6,-4020.7123793874157,4
0.6,-4018.5475622675453,4
0.6,-4017.0213861637367,4
0.6,-4019.8212432241276,4
0.6,-4026.728321090998,4
0.6,-4016.4990137302325,4
0.6,-4010.9091079473546,4
0.6,-4014.0398747825557,4
0.6,-4023.312796740834,4
0.6,-4022.164087331386,4
0.6,-4017.67648915741,4
0.6,-4016.4508478809407,4
0.6,-4019.935905262752,4
0.6,-4026.567466424161,4
0.6,-4014.1447975933283,4
0.6,-4013.7628495290032,4
0.6,-4018.5607392611782,4
0.6,-4014.0645157189815,4
0.6,-4020.9901464825684,4
0.6,-4019.3345333185002,4
0.6,-4027.198441924632,4
0.6,-4024.724847808186,4
0.6,-4020.227154449418,4
0.6,-4019.6645327722063,4
0.6,-4022.8094599165597,4
0.6,-4027.5925146123677,4
0.6,-4029.551540552064,4
0.6,-4019.6041752317647,4
0.6,-4009.48358012826,4
0.6,-4021.9105811890663,4
0.6,-4021.4507115018505,4
0.6,-4013.9392838018503,4
0.6,-4007.5241465306776,4
0.6,-4008.9278119426585,4
0.6,-4018.0622636242733,4
0.6,-4004.0431833213333,4
0.6,-4010.684771521032,4
0.6,-4013.8364647353837,4
0.6,-4019.463549728237,4
0.6,-4021.0040343235883,4
0.6,-4013.014088357908,4
0.6,-4019.110644761973,4
0.6,-4013.428486987138,4
0.6,-4018.757059735022,4
0.6,-4023.4471868055275,4
0.6,-4026.743631654891,4
0.6,-4020.150609196844,4
0.6,-4008.713670745304,4
0.6,-4011.427446712372,4
0.6,-4010.7128135787393,4
0.6,-4019.357290283489,4
0.6,-4012.842737289937,4
0.6,-4024.012670911601,4
0.6,-4022.3454342337686,4
0.6,-4018.2514184901725,4
0.6,-4020.748528513081,4
0.6,-4023.4012357163133,4
0.6,-4013.699554964175,4
0.6,-4016.880828904253,4
0.6,-4021.8524306677673,4
0.6,-4018.7154443188447,4
0.6,-4017.1220738421425,4
0.6,-4018.952804237379,4
0.6,-4013.652677555546,4
0.6,-4011.9930552021447,4
0.6,-4013.5577593641633,4
0.6,-4016.911998133577,4
0.6,-4015.560966638701,4
0.6,-4009.0269319940753,4
0.6,-4017.933287243497,4
0.6,-4020.821429914059,4
0.6,-4015.007340787694,4
0.6,-4019.412552700011,4
0.6,-4017.2884991548485,4
0.6,-4007.0236001854114,4
0.6,-4027.557848249291,4
0.6,-4010.2218664891584,4
0.6,-4021.143998259138,4
0.6,-4023.4200731476863,4
0.6,-4021.73623335402,4
0.6,-4014.3266359972577,4
0.6,-4015.195636120521,4
0.6,-4015.2496641281264,4
0.6,-4021.133725423188,4
0.6,-4022.1296766757077,4
0.6,-4021.843086076406,4
0.6,-4016.5669767955096,4
0.6,-4014.6226595394523,4
0.6,-4009.387952788182,4
0.6,-4015.1790932128706,4
0.6,-4027.45021072534,4
0.7,-4027.3238388127793,4
0.7,-4021.0406370587307,4
0.7,-4017.5349307737015,4
0.7,-4018.2808785477014,4
0.7,-4012.6307400912074,4
0.7,-4023.3127413988204,4
0.7,-4016.958744098688,4
0.7,-4016.4827460400465,4
0.7,-4018.135955755479,4
0.7,-4021.8672621527203,4
0.7,-4017.469200820839,4
0.7,-4022.697139978296,4
0.7,-4023.0238020492798,4
0.7,-4015.8982847457814,4
0.7,-4022.9720345788273,4
0.7,-4015.3611689547433,4
0.7,-4029.052025465704,4
0.7,-4015.9727524574623,4
0.7,-4014.2569719484136,4
0.7,-4021.8871159475366,4
0.7,-4011.46847950764,4
0.7,-4019.017264469579,4
0.7,-4011.1704718930077,4
0.7,-4022.9206448045156,4
0.7,-4010.3567011585014,4
0.7,-4024.176703211492,4
0.7,-4029.8607139156843,4
0.7,-4015.1790342615586,4
0.7,-4016.7409163323314,4
0.7,-4012.138333007497,4
0.7,-4015.829793083573,4
0.7,-4027.3295000298863,4
0.7,-4020.951231363602,4
0.7,-4016.2054276330778,4
0.7,-4031.257939035566,4
0.7,-4027.3164508566606,4
0.7,-4020.842494872398,4
0.7,-4020.0593548483453,4
0.7,-4015.077357303736,4
0.7,-4023.9438570285324,4
0.7,-4018.197563754087,4
0.7,-4020.6283588677748,4
0.7,-4026.413210874067,4
0.7,-4015.919466756557,4
0.7,-4020.90660544344,4
0.7,-4017.1904579415504,4
0.7,-4024.785390361513,4
0.7,-4014.5901742834467,4
0.7,-4014.1497557334405,4
0.7,-4013.212562300767,4
0.7,-4018.4561252108488,4
0.7,-4014.877658975205,4
0.7,-4016.8298864915128,4
0.7,-4021.0863053314442,4
0.7,-4022.9542658099535,4
0.7,-4023.4888455367886,4
0.7,-4014.0553668752564,4
0.7,-4037.0637938223335,4
0.7,-4027.1111273159327,4
0.7,-4020.037019823867,4
0.7,-4027.502387178545,4
0.7,-4022.006928292735,4
0.7,-4015.4996037717974,4
0.7,-4022.574031049577,4
0.7,-4016.423922012082,4
0.7,-4015.1872750170405,4
0.7,-4012.8928936018947,4
0.7,-4025.39725308771,4
0.7,-4013.0508390745667,4
0.7,-4016.3986281819807,4
0.7,-4014.3236956581773,4
0.7,-4014.713994810384,4
0.7,-4026.783104650698,4
0.7,-4013.565652264494,4
0.7,-4010.433747526707,4
0.7,-4018.6473353705214,4
0.7,-4014.928006567493,4
0.7,-4015.9827272011617,4
0.7,-4021.6901645278263,4
0.7,-4016.3498470687114,4
0.7,-4026.975457327019,4
0.7,-4020.097134191415,4
0.7,-4021.55239759984,4
0.7,-4018.7969005738482,4
0.7,-4013.4773149939438,4
0.7,-4017.7977049489473,4
0.7,-4012.3140665140027,4
0.7,-4025.306028970386,4
0.7,-4028.9630781636633,4
0.7,-4021.81395264817,4
0.7,-4025.728654053376,4
0.7,-4023.374091808249,4
0.7,-4025.0741505277174,4
0.7,-4018.4319588266917,4
0.7,-4021.834453362015,4
0.7,-4013.6717030470054,4
0.7,-4019.1972115735334,4
0.7,-4005.6597678254275,4
0.7,-4014.9720719858847,4
0.7,-4024.6813037499924,4
0.8,-4024.085744739445,4
0.8,-4011.561531449326,4
0.8,-4017.869085569271,4
0.8,-4025.976631817969,4
0.8,-4024.7734584179098,4
0.8,-4018.8663569162322,4
0.8,-4014.744500060364,4
0.8,-4015.985964219034,4
0.8,-4019.47832704277,4
0.8,-4018.296831187416,4
0.8,-4021.119615584914,4
0.8,-4028.271999704768,4
0.8,-4008.6316042353064,4
0.8,-4024.064635685044,4
0.8,-4022.8882164718125,4
0.8,-4024.7188617864563,4
0.8,-4014.263885878195,4
0.8,-4029.1322060426332,4
0.8,-4031.3222318874546,4
0.8,-4022.7097772275874,4
0.8,-4025.1705237764004,4
0.8,-4022.372652404415,4
0.8,-4020.9120932858204,4
0.8,-4022.2797908214857,4
0.8,-4012.3561872335135,4
0.8,-4017.274313310873,4
0.8,-4022.4423986083166,4
0.8,-4020.4486604027916,4
0.8,-4022.5505019145735,4
0.8,-4018.928894623579,4
0.8,-4021.082595901138,4
0.8,-4016.3550504122372,4
0.8,-4016.3858220359853,4
0.8,-4013.3204848452133,4
0.8,-4029.3446345980415,4
0.8,-4024.733687175733,4
0.8,-4009.3262486028525,4
0.8,-4024.1615214281505,4
0.8,-4023.220670611761,4
0.8,-4020.5093143138192,4
0.8,-4024.6479975394154,4
0.8,-4017.541083428979,4
0.8,-4018.098211411619,4
0.8,-4013.1104325859174,4
0.8,-4025.234276149166,4
0.8,-4028.8316297761758,4
0.8,-4021.468496338652,4
0.8,-4005.2352470448072,4
0.8,-4024.9981388526808,4
0.8,-4029.5446829208827,4
0.8,-4022.7069074235674,4
0.8,-4017.0988940333964,4
0.8,-4018.3490984489467,4
0.8,-4035.6661681022792,4
0.8,-4024.335760457123,4
0.8,-4015.7218197646484,4
0.8,-4017.7977083330297,4
0.8,-4029.1064106428626,4
0.8,-4022.5664743755915,4
0.8,-4028.7861004201573,4
0.8,-4028.0911346999865,4
0.8,-4018.44448031589,4
0.8,-4014.455165124692,4
0.8,-4012.8272450906015,4
0.8,-4020.1731172431137,4
0.8,-4028.976950906305,4
0.8,-4014.4982043512664,4
0.8,-4022.9942978003164,4
0.8,-4010.7495267444865,4
0.8,-4004.939558498729,4
0.8,-4018.82096680538,4
0.8,-4016.7046537290935,4
0.8,-4020.0842831270134,4
0.8,-4026.006162306663,4
0.8,-4023.4620116731944,4
0.8,-4028.4216418488218,4
0.8,-4031.538497391834,4
0.8,-4023.679363857536,4
0.8,-4020.532578157224,4
0.8,-4028.107356102778,4
0.8,-4033.300214565412,4
0.8,-4022.7285844760454,4
0.8,-4019.885697734483,4
0.8,-4017.706520281122,4
0.8,-4031.3827530171557,4
0.8,-4012.3964431418594,4
0.8,-4014.953235917452,4
0.8,-4025.9686876859964,4
0.8,-4027.087989340598,4
0.8,-4024.2389600392353,4
0.8,-4027.4410793998195,4
0.8,-4018.5824802645784,4
0.8,-4026.4610238779937,4
0.8,-4028.142797615663,4
0.8,-4028.4849715184423,4
0.8,-4019.2215636287165,4
0.8,-4006.760659982724,4
0.8,-4020.338269307986,4
0.8,-4015.950709568592,4
0.8,-4014.3936929425495,4
0.9,-4026.061936614092,4
0.9,-4023.699726708466,4
0.9,-4021.3101132109064,4
0.9,-4011.2765314758017,4
0.9,-4019.670379336355,4
0.9,-4011.9945949211738,4
0.9,-4017.3931499876835,4
0.9,-4016.822544657222,4
0.9,-4028.4783430126363,4
0.9,-4000.1440012211506,4
0.9,-4015.9414451423504,4
0.9,-4016.9839948732592,4
0.9,-4021.855684434885,4
0.9,-4021.610510744112,4
0.9,-4018.722492114261,4
0.9,-4012.2101773498725,4
0.9,-4012.6137244616516,4
0.9,-4019.2558651305144,4
0.9,-4020.6190888127744,4
0.9,-4012.8134953525414,4
0.9,-4009.1041888073987,4
0.9,-4013.8227036980293,4
0.9,-4016.602634267278,4
0.9,-4016.6885596338598,4
0.9,-4017.0899634159746,4
0.9,-4022.734955648412,4
0.9,-4016.0383850984535,4
0.9,-4025.000568983996,4
0.9,-4002.364397310614,4
0.9,-4018.611473984995,4
0.9,-4014.226960162796,4
0.9,-4006.7557016882106,4
0.9,-4016.4279128197427,4
0.9,-4024.5348427206454,4
0.9,-4021.5176888281653,4
0.9,-4014.0846879767855,4
0.9,-4024.2788529317318,4
0.9,-4025.7300689651593,4
0.9,-4014.9858869263176,4
0.9,-4004.1934955123047,4
0.9,-4019.4148194941126,4
0.9,-4016.5458048493656,4
0.9,-4003.0548320691805,4
0.9,-4020.0111608020375,4
0.9,-4017.0041346936814,4
0.9,-4021.363978393519,4
0.9,-4018.3805033394233,4
0.9,-4017.6637356139204,4
0.9,-4012.685005375817,4
0.9,-4021.118248359485,4
0.9,-4014.7409305746537,4
0.9,-4013.4282878233294,4
0.9,-4013.1564789965582,4
0.9,-4011.651759385538,4
0.9,-4017.0267935211277,4
0.9,-4022.738923627331,4
0.9,-4008.450008781757,4
0.9,-4022.482498337471,4
0.9,-4019.420288871585,4
0.9,-4019.472509846075,4
0.9,-4024.4174124643864,4
0.9,-4016.066071715846,4
0.9,-4023.724769144652,4
0.9,-4016.164815270192,4
0.9,-4015.934066247605,4
0.9,-4027.1726272649753,4
0.9,-4008.345683059471,4
0.9,-3998.8288336767814,4
0.9,-4023.1651317037977,4
0.9,-4012.4729009900034,4
0.9,-4021.9524133489017,4
0.9,-4007.818136988926,4
0.9,-4017.4750834314013,4
0.9,-4018.4615650773508,4
0.9,-4011.6931427687664,4
0.9,-4013.942966921185,4
0.9,-4004.9394111969345,4
0.9,-4017.8264009913623,4
0.9,-4013.0505051038103,4
0.9,-4019.369502173105,4
0.9,-4011.6453796060277,4
0.9,-4018.3489254971564,4
0.9,-4006.766417388401,4
0.9,-4023.8158224134877,4
0.9,-4014.4181131118658,4
0.9,-4016.47012406592,4
0.9,-4015.6900490538737,4
0.9,-4021.4084260085174,4
0.9,-4010.680350981746,4
0.9,-4014.1827759489547,4
0.9,-4023.059597969094,4
0.9,-4017.1631098058,4
0.9,-4025.6190004529326,4
0.9,-4005.53136621741,4
0.9,-4011.2958485217814,4
0.9,-4021.2090162804316,4
0.9,-4026.2596908365713,4
0.9,-4021.810380546818,4
0.9,-4011.7357507978954,4
0.9,-4021.756687821063,4
1.0,-4027.297668922738,4
1.0,-4023.2133405851528,4
1.0,-4026.0630506694,4
1.0,-4008.5227400748618,4
1.0,-4006.8572659499555,4
1.0,-4026.6811197186166,4
1.0,-4018.5882356186066,4
1.0,-4014.8527124034263,4
1.0,-4010.2043345199218,4
1.0,-4027.9637507145794,4
1.0,-4016.9361528044537,4
1.0,-4017.1628383155044,4
1.0,-4019.576892730667,4
1.0,-4022.6214042727142,4
1.0,-4015.149996360406,4
1.0,-4011.601607735414,4
1.0,-4023.9811559233885,4
1.0,-4020.3227341036695,4
1.0,-4010.1167531747874,4
1.0,-4021.5688975118933,4
1.0,-4023.0401226159315,4
1.0,-4030.933288618594,4
1.0,-4023.1628433021724,4
1.0,-4031.8436022653136,4
1.0,-4021.1839566121103,4
1.0,-4020.653864818396,4
1.0,-4029.985113762724,4
1.0,-4024.021313148979,4
1.0,-4025.628299883085,4
1.0,-4021.233482286456,4
1.0,-4026.7619323771837,4
1.0,-4017.9755786776045,4
1.0,-4032.543712402168,4
1.0,-4025.333404518264,4
1.0,-4024.009563102469,4
1.0,-4021.9445262089366,4
1.0,-4028.2772555295955,4
1.0,-4026.4853080418166,4
1.0,-4024.2807219825354,4
1.0,-4019.406790826406,4
1.0,-4032.2338426925576,4
1.0,-4029.310811591372,4
1.0,-4015.146220039851,4
1.0,-4028.756896590887,4
1.0,-4019.061767460598,4
1.0,-4019.455616086239,4
1.0,-4025.597253086809,4
1.0,-4018.6762073855502,4
1.0,-4012.0079417102434,4
1.0,-4024.901342987711,4
1.0,-4019.507220197979,4
1.0,-4014.332766803987,4
1.0,-4026.7923556217124,4
1.0,-4024.4823633772244,4
1.0,-4023.1389348469015,4
1.0,-4010.0574138718384,4
1.0,-4025.005629981955,4
1.0,-4025.334792058494,4
1.0,-4021.752621979174,4
1.0,-4020.1121881318927,4
1.0,-4017.0297961391234,4
1.0,-4028.5755707935105,4
1.0,-4021.4674100282205,4
1.0,-4016.029282057588,4
1.0,-4017.2937452419674,4
1.0,-4022.790694526761,4
1.0,-4008.2102494875503,4
1.0,-4018.5470343052325,4
1.0,-4027.103951060927,4
1.0,-4033.3533910828264,4
1.0,-4022.1171293759053,4
1.0,-4023.5444835417143,4
1.0,-4021.9787106612484,4
1.0,-4022.1499192367914,4
1.0,-4023.3464791824013,4
1.0,-4025.8781510622352,4
1.0,-4025.1329130637832,4
1.0,-4026.0576873977834,4
1.0,-4028.7333877139304,4
1.0,-4021.1438270844046,4
1.0,-4015.938704944601,4
1.0,-4027.2704926625265,4
1.0,-4021.678850202409,4
1.0,-4026.4279130476107,4
1.0,-4003.3435889413104,4
1.0,-4020.895045872045,4
1.0,-4019.13381028993,4
1.0,-4009.454162928106,4
1.0,-4018.835422656032,4
1.0,-4019.7431649726195,4
1.0,-4025.71545421676,4
1.0,-4014.9721244838433,4
1.0,-4028.168100346021,4
1.0,-4020.473616476824,4
1.0,-4029.6722563547405,4
1.0,-4025.7963553533596,4
1.0,-4017.7813969226722,4
1.0,-4014.9116991483615,4
1.0,-4031.8457013942857,4
1.0,-4019.8882324403944,4
0.1,-4017.0216835055085,5
0.1,-4004.62473911991,5
0.1,-4016.4709068175907,5
0.1,-4013.3237753081307,5
0.1,-4003.993348472595,5
0.1,-4020.5377701267257,5
0.1,-3999.4529271621086,5
0.1,-4008.885377779824,5
0.1,-4003.030733868754,5
0.1,-4013.885214982755,5
0.1,-4005.726017687226,5
0.1,-4000.134141891202,5
0.1,-4012.211109377942,5
0.1,-3999.135919703902,5
0.1,-3986.8025307465514,5
0.1,-3998.238172283823,5
0.1,-3995.2590454184983,5
0.1,-4012.0555765728736,5
0.1,-4008.4081210619843,5
0.1,-4022.5184669188534,5
0.1,-4008.099219588998,5
0.1,-4009.9197696932824,5
0.1,-4004.649558302065,5
0.1,-4005.4934169803937,5
0.1,-4002.2444116818738,5
0.1,-4003.377641523074,5
0.1,-3996.330963312353,5
0.1,-4003.599005216455,5
0.1,-4001.7701636756915,5
0.1,-4006.291962045689,5
0.1,-4010.7420555173144,5
0.1,-3997.335400240468,5
0.1,-4008.4259668604336,5
0.1,-4005.1538889077497,5
0.1,-4000.507410261173,5
0.1,-3991.755634830375,5
0.1,-4000.6347070516877,5
0.1,-4011.560641482595,5
0.1,-4017.0594134821904,5
0.1,-3993.7392346358433,5
0.1,-4001.2673127204307,5
0.1,-4015.64360179681,5
0.1,-4007.707908694093,5
0.1,-4000.199154996431,5
0.1,-4008.005150439203,5
0.1,-4000.9552440472544,5
0.1,-3997.2973575459437,5
0.1,-4020.7180177207792,5
0.1,-4009.7503424418346,5
0.1,-3997.5153359028564,5
0.1,-3998.297864815696,5
0.1,-4000.640250312656,5
0.1,-4007.2910873755172,5
0.1,-4009.8657182249153,5
0.1,-3993.7138924722817,5
0.1,-4002.278773536339,5
0.1,-4007.4476339187336,5
0.1,-4001.070426661435,5
0.1,-3998.1268638805623,5
0.1,-4000.985963474249,5
0.1,-4019.2730113710154,5
0.1,-3991.464527172449,5
0.1,-4011.701570705177,5
0.1,-4003.8596143383884,5
0.1,-4005.892142121097,5
0.1,-4008.3456985887537,5
0.1,-4007.1933386821584,5
0.1,-4013.1090424483314,5
0.1,-4001.122444870127,5
0.1,-4007.4343903609624,5
0.1,-4010.339467847456,5
0.1,-4000.847234684348,5
0.1,-4005.63979048236,5
0.1,-3997.1524834084958,5
0.1,-4006.6419187238134,5
0.1,-4008.3447133765753,5
0.1,-3985.6007262241756,5
0.1,-4017.5338378850433,5
0.1,-4014.4762083486967,5
0.1,-4016.9268436354387,5
0.1,-4015.3155340559974,5
0.1,-4008.4329247000614,5
0.1,-4014.0058436581044,5
0.1,-3992.811280887758,5
0.1,-3998.808692161359,5
0.1,-4008.331337294627,5
0.1,-4006.9532137548294,5
0.1,-4011.7077238444544,5
0.1,-4001.7814676428397,5
0.1,-4010.227143362866,5
0.1,-4006.4271983179756,5
0.1,-4005.0682020295762,5
0.1,-4015.789154266184,5
0.1,-4003.6031535465095,5
0.1,-3994.306248508724,5
0.1,-4015.3347571865143,5
0.1,-4005.2981137754537,5
0.1,-4002.296442181343,5
0.1,-4001.5856863749145,5
0.1,-4005.663947351114,5
0.2,-4017.984673874157,5
0.2,-4008.051003831228,5
0.2,-4009.00498544713,5
0.2,-4020.2980411566814,5
0.2,-4005.3128891418514,5
0.2,-4008.580903505533,5
0.2,-4024.710645342995,5
0.2,-4004.2458928011038,5
0.2,-4001.6740148240233,5
0.2,-4000.338375946523,5
0.2,-4021.7309403964737,5
0.2,-4004.861795274503,5
0.2,-4016.4304298294305,5
0.2,-4013.6158913745576,5
0.2,-4017.229571686693,5
0.2,-4021.2513337986215,5
0.2,-3996.4091476325602,5
0.2,-4014.661492150715,5
0.2,-4006.542282625215,5
0.2,-3998.9784257431197,5
0.2,-3996.655302300401,5
0.2,-3992.482762019939,5
0.2,-3999.3406720976704,5
0.2,-4002.754477592736,5
0.2,-3998.404688245161,5
0.2,-4019.6804682557467,5
0.2,-3997.9105494798387,5
0.2,-4005.319648379515,5
0.2,-4007.1297284387333,5
0.2,-3992.6445962661537,5
0.2,-4004.4722753562587,5
0.2,-4013.040594478171,5
0.2,-4003.6176671780395,5
0.2,-4013.954444121114,5
0.2,-4005.3681353666516,5
0.2,-4012.2321357178635,5
0.2,-4009.5031015139466,5
0.2,-4017.5740636575997,5
0.2,-3996.097309270553,5
0.2,-4000.2427348344404,5
0.2,-4006.563477503231,5
0.2,-4003.041554418409,5
0.2,-3999.137528115272,5
0.2,-4003.6015169630878,5
0.2,-4016.2212670349663,5
0.2,-4001.4829044980324,5
0.2,-4018.736225977336,5
0.2,-4003.766727967022,5
0.2,-3994.1134485161606,5
0.2,-4019.5665564418273,5
0.2,-4006.606621625866,5
0.2,-4008.0777522410885,5
0.2,-4001.164349682409,5
0.2,-4005.14936779932,5
0.2,-4001.503779757455,5
0.2,-4016.925165730036,5
0.2,-4014.2677259774405,5
0.2,-4014.1278594058294,5
0.2,-4011.0800447641177,5
0.2,-3994.9503948622873,5
0.2,-3990.4542720787026,5
0.2,-3993.5843915838022,5
0.2,-4019.2379926492104,5
0.2,-4004.793340694008,5
0.2,-4004.856223821296,5
0.2,-4014.2029934446996,5
0.2,-4015.7473118143366,5
0.2,-4022.152082642367,5
0.2,-4028.04510585322,5
0.2,-3988.3068335327753,5
0.2,-4032.146729273907,5
0.2,-4004.23237697648,5
0.2,-4007.579199925379,5
0.2,-4008.9032102442857,5
0.2,-4001.2359457862367,5
0.2,-4018.443473738744,5
0.2,-4014.303926477549,5
0.2,-4017.4981059843735,5
0.2,-4009.7655359199957,5
0.2,-4019.4465037132645,5
0.2,-4017.2948277771084,5
0.2,-3989.53438891453,5
0.2,-3997.21314786174,5
0.2,-4015.4986820949493,5
0.2,-3996.6853021196634,5
0.2,-4015.0130018642963,5
0.2,-3999.194883342041,5
0.2,-4008.4062869834834,5
0.2,-4004.1663433999,5
0.2,-3991.1435419136783,5
0.2,-4011.80777133663,5
0.2,-4028.5325954327172,5
0.2,-4015.0706106670964,5
0.2,-4003.2270266185246,5
0.2,-4009.4173354184745,5
0.2,-4011.137772647732,5
0.2,-4007.1340429224024,5
0.2,-3999.2304617025407,5
0.2,-4010.972341777145,5
0.2,-4008.225443414488,5
0.3,-4016.3243702640443,5
0.3,-4019.051142774914,5
0.3,-4010.2544935707238,5
0.3,-4001.8407653779796,5
0.3,-4010.2561505026365,5
0.3,-3998.9560608975357,5
0.3,-4000.1911780964642,5
0.3,-4009.586346651821,5
0.3,-4008.3651794819157,5
0.3,-4021.87740213945,5
0.3,-3999.0574852822956,5
0.3,-4000.00380504445,5
0.3,-3994.970768350381,5
0.3,-4010.8737353808197,5
0.3,-4007.3423189374744,5
0.3,-4012.7377039958615,5
0.3,-4015.5990426084236,5
0.3,-4006.949570915054,5
0.3,-4010.6562900978547,5
0.3,-3990.2363139351746,5
0.3,-4007.6691236566808,5
0.3,-4017.685161334072,5
0.3,-4010.6380768578324,5
0.3,-4003.749993609319,5
0.3,-4018.7342462202982,5
0.3,-3997.038115625189,5
0.3,-4007.2420891759407,5
0.3,-4015.723676775639,5
0.3,-4022.7127585143394,5
0.3,-4005.7127572505424,5
0.3,-4012.1642195817594,5
0.3,-4010.606777592437,5
0.3,-3998.565040778397,5
0.3,-3995.126055911814,5
0.3,-4014.37980240114,5
0.3,-4010.782166105025,5
0.3,-4020.4243131053704,5
0.3,-4017.889066065471,5
0.3,-4010.844096463425,5
0.3,-4004.7601184866794,5
0.3,-4021.226347819416,5
0.3,-4005.3722356534213,5
0.3,-4010.6209598102582,5
0.3,-4003.3523520563263,5
0.3,-4018.1311788010285,5
0.3,-4009.121400912513,5
0.3,-4016.1097497428314,5
0.3,-4006.3934153805308,5
0.3,-4006.1962215844874,5
0.3,-4018.8102644794203,5
0.3,-4005.2472945862173,5
0.3,-4008.585444983984,5
0.3,-3995.3295470752955,5
0.3,-3986.361644407513,5
0.3,-4004.2640412367487,5
0.3,-4011.4471104872837,5
0.3,-4009.4449616617794,5
0.3,-4006.5730564557707,5
0.3,-4013.606477135352,5
0.3,-3999.0567390216206,5
0.3,-4012.412181273677,5
0.3,-4006.8791096100913,5
0.3,-4013.945649433771,5
0.3,-4004.539229614458,5
0.3,-4008.189738119761,5
0.3,-4007.5143151999137,5
0.3,-4013.7770001888653,5
0.3,-4020.641690306452,5
0.3,-4015.38976111289,5
0.3,-4007.2101945499703,5
0.3,-4010.9861855047934,5
0.3,-3996.851809403569,5
0.3,-4007.494388996861,5
0.3,-4010.314500755232,5
0.3,-4008.8548361904222,5
0.3,-3995.069384769365,5
0.3,-4007.9935239205,5
0.3,-4022.820074711707,5
0.3,-4011.208299017646,5
0.3,-4009.643376443462,5
0.3,-4009.7821999860935,5
0.3,-3996.814769883926,5
0.3,-4017.3093074043327,5
0.3,-4007.1340630571995,5
0.3,-4010.2297878644863,5
0.3,-4015.5851813690892,5
0.3,-4000.4724320713954,5
0.3,-4007.980205831746,5
0.3,-4008.962972813833,5
0.3,-3999.4546384589526,5
0.3,-4008.4764605436835,5
0.3,-4004.366772398249,5
0.3,-4010.3405877620994,5
0.3,-4000.141174775102,5
0.3,-4001.313969676941,5
0.3,-4014.51934279181,5
0.3,-4014.332212120886,5
0.3,-4011.5540124640443,5
0.3,-4001.711143731499,5
0.3,-4013.615982955337,5
0.4,-4006.3761392151887,5
0.4,-4014.589588059167,5
0.4,-4027.3921000279242,5
0.4,-4017.92914792645,5
0.4,-4006.5786782921673,5
0.4,-4027.6881521408814,5
0.4,-4011.3334209601276,5
0.4,-4024.279766684841,5
0.4,-4020.3871354057937,5
0.4,-4011.4898776456585,5
0.4,-4015.525971847117,5
0.4,-4007.9842325038444,5
0.4,-4027.7547919269964,5
0.4,-4018.457382662738,5
0.4,-4021.3704371918743,5
0.4,-4016.116545613336,5
0.4,-4017.318815927971,5
0.4,-4009.6080130539954,5
0.4,-4002.1858280540573,5
0.4,-4021.1651385711366,5
0.4,-4010.934643191885,5
0.4,-4026.809379751315,5
0.4,-4026.273406924972,5
0.4,-4000.990763582592,5
0.4,-4011.1340958132564,5
0.4,-4025.2620062159544,5
0.4,-4020.0981721727408,5
0.4,-4007.722610886759,5
0.4,-4020.1011828612227,5
0.4,-4029.018427450948,5
0.4,-4008.694204530614,5
0.4,-4002.041785130214,5
0.4,-3999.9115722758224,5
0.4,-4019.639019733535,5
0.4,-4016.260757749679,5
0.4,-4014.289457765177,5
0.4,-4023.6629522810244,5
0.4,-4013.265345700504,5
0.4,-4000.498754298007,5
0.4,-4013.793051076094,5
0.4,-4023.518536020541,5
0.4,-4000.043314784654,5
0.4,-4014.6512009147873,5
0.4,-4022.688098554388,5
0.4,-4017.2064361209177,5
0.4,-4006.9400564617767,5
0.4,-4020.1991533077667,5
0.4,-4020.6403977112604,5
0.4,-4003.470420749474,5
0.4,-4012.2625501163675,5
0.4,-4015.8045700024722,5
0.4,-4034.5969478972997,5
0.4,-4020.0544945596243,5
0.4,-4014.635835686145,5
0.4,-4014.754616815059,5
0.4,-4004.6077950298272,5
0.4,-4013.6982260992063,5
0.4,-4022.727096841942,5
0.4,-4013.792676215825,5
0.4,-4011.6602774637076,5
0.4,-4021.9762049391147,5
0.4,-4013.2825692238603,5
0.4,-4001.5874760372512,5
0.4,-4020.116311293226,5
0.4,-4012.861269825046,5
0.4,-4015.7809583808903,5
0.4,-4018.814901108147,5
0.4,-4029.1996387569484,5
0.4,-4013.136041240935,5
0.4,-4003.5699312960537,5
0.4,-4006.0299437024437,5
0.4,-4006.7601438431607,5
0.4,-4018.3813254751494,5
0.4,-4022.3812219594647,5
0.4,-4015.9636159104375,5
0.4,-4030.435816193959,5
0.4,-4010.845943523012,5
0.4,-4012.489113367822,5
0.4,-4014.5231079068726,5
0.4,-4019.0827909285736,5
0.4,-4025.776425957901,5
0.4,-4005.214039518861,5
0.4,-4006.7150365263674,5
0.4,-4010.4289269811757,5
0.4,-4004.6295847464976,5
0.4,-3999.503494237635,5
0.4,-4022.6543555275016,5
0.4,-4006.7244400528625,5
0.4,-4004.758300509708,5
0.4,-4006.7720636454865,5
0.4,-4009.511608629594,5
0.4,-4025.7730155455015,5
0.4,-3985.535255758042,5
0.4,-4026.32879570606,5
0.4,-4027.449769548922,5
0.4,-4012.939696881609,5
0.4,-4010.9942105116625,5
0.4,-4011.260045144232,5
0.4,-4013.915751034095,5
0.4,-4018.2292944518763,5
0.5,-4004.227024721376,5
0.5,-4006.9362017375365,5
0.5,-4015.892084530206,5
0.5,-4023.9406003544395,5
0.5,-3999.108909961743,5
0.5,-4027.1898712142647,5
0.5,-4008.6375670315615,5
0.5,-3995.478660682701,5
0.5,-4006.6628237691266,5
0.5,-3997.8443468857427,5
0.5,-4003.994561335356,5
0.5,-4001.5927211041662,5
0.5,-4015.9742961465467,5
0.5,-4001.180074908631,5
0.5,-4015.181178889139,5
0.5,-4014.4856267219516,5
0.5,-4012.861434928298,5
0.5,-4014.7425140418986,5
0.5,-3992.1877068432354,5
0.5,-4013.2526607877,5
0.5,-3994.9554542399896,5
0.5,-4005.980388892202,5
0.5,-4001.399260424595,5
0.5,-4007.907433009201,5
0.5,-3998.88599228543,5
0.5,-4012.7835067015767,5
0.5,-3995.7049379813416,5
0.5,-4019.100636804143,5
0.5,-4019.9906052257265,5
0.5,-4014.2678386954835,5
0.5,-4007.4675990809815,5
0.5,-4018.247902687248,5
0.5,-4014.1651315122485,5
0.5,-4020.154296976562,5
0.5,-4021.1319085390965,5
0.5,-4007.449735741821,5
0.5,-4002.8225674297023,5
0.5,-4014.537868123098,5
0.5,-4015.2390146885036,5
0.5,-4014.8870504898623,5
0.5,-4020.7480588793296,5
0.5,-4014.176548378936,5
0.5,-4007.8261651216662,5
0.5,-4006.795934010596,5
0.5,-4001.6240090768524,5
0.5,-3997.1436950591406,5
0.5,-4002.0267171292326,5
0.5,-4012.6176717967664,5
0.5,-4011.232556502411,5
0.5,-4005.2919962787278,5
0.5,-4016.741961259281,5
0.5,-4011.5657333908052,5
0.5,-3999.0342240256955,5
0.5,-4007.1988057154704,5
0.5,-3999.34024955815,5
0.5,-4002.1460703379644,5
0.5,-4005.5827193719665,5
0.5,-4004.116990805537,5
0.5,-4002.528144068676,5
0.5,-4015.896036918205,5
0.5,-4024.2337638995173,5
0.5,-4023.8312966844687,5
0.5,-4018.6450752849573,5
0.5,-4014.44035619669,5
0.5,-4006.175115441942,5
0.5,-3998.167942715725,5
0.5,-4016.4752122252503,5
0.5,-3993.962828012251,5
0.5,-3989.692548114403,5
0.5,-3989.5584442715162,5
0.5,-4015.950532324973,5
0.5,-3997.512168955099,5
0.5,-4011.660114952019,5
0.5,-4004.826162221669,5
0.5,-3994.5105971031194,5
0.5,-4021.67317953173,5
0.5,-3997.4197981218567,5
0.5,-4025.3505637983926,5
0.5,-4014.9184198769503,5
0.5,-4000.3720307209187,5
0.5,-4000.258927533863,5
0.5,-4006.441522834445,5
0.5,-4014.32776051904,5
0.5,-4012.107699038191,5
0.5,-4003.153762268524,5
0.5,-4018.727387648959,5
0.5,-4016.018042352823,5
0.5,-4002.381583283869,5
0.5,-4007.5334044280626,5
0.5,-4001.2104097696224,5
0.5,-4005.3579209883674,5
0.5,-4009.253501825191,5
0.5,-3996.661217952576,5
0.5,-3997.2761793602776,5
0.5,-4017.904714659983,5
0.5,-4018.0066014251165,5
0.5,-4003.7607399569733,5
0.5,-4003.889032902201,5
0.5,-4004.318853610414,5
0.5,-4011.3221400522616,5
0.6,-4003.927162243828,5
0.6,-4003.013277215617,5
0.6,-4013.863130934022,5
0.6,-4019.969692694815,5
0.6,-4008.553617871323,5
0.6,-3997.7675951382694,5
0.6,-4002.1503761634435,5
0.6,-4025.0255368121575,5
0.6,-3998.7240257008175,5
0.6,-4000.1614616347897,5
0.6,-4013.789637387937,5
0.6,-4016.2296168090475,5
0.6,-4002.6168401565483,5
0.6,-4005.765227908411,5
0.6,-4005.327010618822,5
0.6,-4006.468015451568,5
0.6,-4010.8177674463573,5
0.6,-4011.236932187716,5
0.6,-4007.336748051312,5
0.6,-4023.6231533658406,5
0.6,-4009.5226782961354,5
0.6,-4021.4701364505645,5
0.6,-4016.4810866647617,5
0.6,-4016.764635578216,5
0.6,-4008.2620604777335,5
0.6,-4012.158671436447,5
0.6,-4015.4811784414956,5
0.6,-4018.808810977475,5
0.6,-4004.8736349358196,5
0.6,-4018.0990023597215,5
0.6,-4016.8540524263085,5
0.6,-4015.0407579372472,5
0.6,-4017.7482854546306,5
0.6,-4013.3691510699095,5
0.6,-4008.429523978728,5
0.6,-4018.0771941739235,5
0.6,-3999.0004265413854,5
0.6,-4009.7890796235215,5
0.6,-4011.7105916610326,5
0.6,-4005.922101264108,5
0.6,-4011.47135832946,5
0.6,-4004.6872199916925,5
0.6,-4008.1808777907277,5
0.6,-4008.305763904439,5
0.6,-4023.316731415405,5
0.6,-4006.5154148088454,5
0.6,-4023.3870201986465,5
0.6,-4009.790920601022,5
0.6,-4016.1752516310503,5
0.6,-4015.870034016097,5
0.6,-4012.105063735386,5
0.6,-4013.562001451826,5
0.6,-4000.6027541031576,5
0.6,-3998.6397794070785,5
0.6,-4020.2760428985707,5
0.6,-4013.7929563938546,5
0.6,-3999.2051973362995,5
0.6,-4016.6747586000583,5
0.6,-4010.7802493925205,5
0.6,-3995.7607824330107,5
0.6,-3998.4544690035204,5
0.6,-4015.7366329993274,5
0.6,-4030.5348528367927,5
0.6,-4019.5003781747455,5
0.6,-4015.6510387455464,5
0.6,-4001.045265287977,5
0.6,-4015.172455286885,5
0.6,-4006.1020976135947,5
0.6,-4008.001617393508,5
0.6,-4018.996727720182,5
0.6,-4024.9385555592758,5
0.6,-4005.9555155122725,5
0.6,-3994.5507377011086,5
0.6,-4011.558449800513,5
0.6,-4007.489687802025,5
0.6,-4012.247491880481,5
0.6,-4016.89954347142,5
0.6,-4000.2988806037984,5
0.6,-4007.4270573064605,5
0.6,-4015.356815159616,5
0.6,-4021.9425951902654,5
0.6,-4003.096869755899,5
0.6,-4017.539396032782,5
0.6,-4011.13958617519,5
0.6,-4012.5106470151004,5
0.6,-4020.582022958014,5
0.6,-4009.083951842719,5
0.6,-4010.427318108566,5
0.6,-4009.5515539525336,5
0.6,-4009.0713769476997,5
0.6,-4000.925743953506,5
0.6,-4022.469296279539,5
0.6,-4010.969340622821,5
0.6,-4004.499266570415,5
0.6,-4013.805987376132,5
0.6,-4010.2088768327826,5
0.6,-4007.3115335774264,5
0.6,-3995.129283331868,5
0.6,-4019.5767635033944,5
0.6,-4009.0128379173398,5
0.7,-4015.5743422369915,5
0.7,-4022.4771700629285,5
0.7,-4022.651904689817,5
0.7,-4015.1413731021858,5
0.7,-4016.0648635023927,5
0.7,-3998.15339933456,5
0.7,-4009.9344482579663,5
0.7,-4025.7233438112708,5
0.7,-4002.505953852708,5
0.7,-4015.4508520875447,5
0.7,-4018.378818912546,5
0.7,-4013.3832570223744,5
0.7,-4015.208659009276,5
0.7,-4026.834559315497,5
0.7,-4024.3996715355556,5
0.7,-4025.0675652153755,5
0.7,-4008.7485235350446,5
0.7,-4011.7513947445705,5
0.7,-4011.9298746531163,5
0.7,-4017.4597221866843,5
0.7,-4019.369313970163,5
0.7,-4002.383652586391,5
0.7,-4016.409833988154,5
0.7,-4007.394827849049,5
0.7,-4006.1056892917663,5
0.7,-4014.1513342615203,5
0.7,-4014.22801103371,5
0.7,-4008.827623254722,5
0.7,-4018.060618283171,5
0.7,-3998.9648452914576,5
0.7,-4004.4883109140733,5
0.7,-4009.187419279236,5
0.7,-4021.2256116931326,5
0.7,-4020.6127220475573,5
0.7,-4011.3224675360857,5
0.7,-4022.856743387507,5
0.7,-4017.026334712395,5
0.7,-4010.44488028703,5
0.7,-4025.325628957401,5
0.7,-4018.1284966866633,5
0.7,-4015.5033614806944,5
0.7,-4001.840303731983,5
0.7,-4009.0085401178917,5
0.7,-4016.995045865837,5
0.7,-4013.1953110407253,5
0.7,-4014.850249883732,5
0.7,-4015.094413279135,5
0.7,-4007.141832099628,5
0.7,-4008.669245434789,5
0.7,-4010.0984048851215,5
0.7,-3987.74267290536,5
0.7,-4017.780279032635,5
0.7,-4010.8102414010664,5
0.7,-4006.806063980628,5
0.7,-4020.9805318469816,5
0.7,-4016.195067178033,5
0.7,-4016.8554299900916,5
0.7,-4011.3767798922386,5
0.7,-3995.472652631377,5
0.7,-4012.501941588502,5
0.7,-4013.2527568423548,5
0.7,-4004.153406905324,5
0.7,-4011.8853643563207,5
0.7,-4004.371001324181,5
0.7,-4019.4633484684705,5
0.7,-4002.774263528342,5
0.7,-4021.2110820704816,5
0.7,-4022.6001078963695,5
0.7,-4024.935576040786,5
0.7,-4017.8815475429087,5
0.7,-4014.8963893226864,5
0.7,-4003.941851816611,5
0.7,-4014.7652180556,5
0.7,-4010.3505209661957,5
0.7,-4012.388634478786,5
0.7,-4025.7174421515792,5
0.7,-4017.8591553971996,5
0.7,-4005.2020679500465,5
0.7,-4002.6766650095155,5
0.7,-4016.206125331731,5
0.7,-4013.0634821927088,5
0.7,-4017.4032807657004,5
0.7,-4016.4065285450856,5
0.7,-4021.8638236794827,5
0.7,-4006.807787912997,5
0.7,-4003.0338303075023,5
0.7,-4019.5123843707393,5
0.7,-4019.949063382329,5
0.7,-4003.9500668323203,5
0.7,-4018.208515897707,5
0.7,-4020.7328147767516,5
0.7,-4009.025543933358,5
0.7,-4014.836373645797,5
0.7,-4016.281603216415,5
0.7,-4018.773882300788,5
0.7,-4018.329434767845,5
0.7,-4011.060583341994,5
0.7,-4018.409923309452,5
0.7,-4011.745489167939,5
0.7,-4020.449524078356,5
0.8,-4011.65631225701,5
0.8,-4036.1871049620263,5
0.8,-4014.7863611383746,5
0.8,-4019.7925404700663,5
0.8,-4001.316605105058,5
0.8,-4019.6741920056184,5
0.8,-4020.594501502476,5
0.8,-4019.7893132140935,5
0.8,-4004.5947404534118,5
0.8,-4019.8080349263832,5
0.8,-4007.7114615927458,5
0.8,-3998.5756059756513,5
0.8,-4025.412631349354,5
0.8,-4017.471586353696,5
0.8,-4014.4338724765503,5
0.8,-4015.3368474718095,5
0.8,-4012.0492153674404,5
0.8,-4022.2665827023925,5
0.8,-3998.7841673209386,5
0.8,-4018.7767600042303,5
0.8,-4020.9793318093875,5
0.8,-4017.288973073148,5
0.8,-4000.8705944030326,5
0.8,-4010.4701085665383,5
0.8,-4021.3924383239564,5
0.8,-4010.8255880394177,5
0.8,-4011.4094951404113,5
0.8,-4004.71701576026,5
0.8,-4005.506930940062,5
0.8,-3994.936489102061,5
0.8,-4018.9991912762653,5
0.8,-4022.6676676387037,5
0.8,-4023.2758501933595,5
0.8,-4004.3299212513743,5
0.8,-4012.9044950137104,5
0.8,-4027.9608292810894,5
0.8,-4015.1052324442467,5
0.8,-4008.0011490347774,5
0.8,-4019.2114825414646,5
0.8,-4003.2995077068476,5
0.8,-4010.3081295233546,5
0.8,-4020.6200296955617,5
0.8,-4003.498773366569,5
0.8,-4004.820618627807,5
0.8,-4018.0178113028187,5
0.8,-4016.822425885923,5
0.8,-4010.034061040702,5
0.8,-4027.236822961021,5
0.8,-4025.5851120496363,5
0.8,-4025.0328716663103,5
0.8,-4009.378788198271,5
0.8,-4003.9939184237337,5
0.8,-4021.8150991642137,5
0.8,-4016.247936516237,5
0.8,-4019.5036458602526,5
0.8,-4014.018579918642,5
0.8,-4011.4037650705004,5
0.8,-4012.2825125213158,5
0.8,-4024.9209299027066,5
0.8,-4011.291095015532,5
0.8,-4020.4750165902556,5
0.8,-4003.290392143297,5
0.8,-4022.928949178427,5
0.8,-4004.3321988145562,5
0.8,-4021.694762856107,5
0.8,-4007.431128979137,5
0.8,-4014.5094868908645,5
0.8,-4010.7577090899617,5
0.8,-4018.3124393534563,5
0.8,-4019.2823599050375,5
0.8,-4000.815467807041,5
0.8,-4012.6657593323666,5
0.8,-3999.7617784196414,5
0.8,-4003.1083712134687,5
0.8,-4020.019443027693,5
0.8,-4033.56082990841,5
0.8,-4005.0419463475296,5
0.8,-4012.3308856332137,5
0.8,-4014.8595097913008,5
0.8,-4004.451437164053,5
0.8,-4005.464762646016,5
0.8,-4012.750043823781,5
0.8,-4004.2741061743327,5
0.8,-3996.699872851595,5
0.8,-4012.3155900779107,5
0.8,-4012.7295810545206,5
0.8,-4022.375160174831,5
0.8,-4006.634151437834,5
0.8,-4006.0849292617845,5
0.8,-4004.676925242576,5
0.8,-4016.3111584479657,5
0.8,-4000.380953048366,5
0.8,-4024.8202774086762,5
0.8,-4010.415496232781,5
0.8,-4014.981183829992,5
0.8,-4014.8254843909017,5
0.8,-4026.606052959179,5
0.8,-4018.269399482091,5
0.8,-4016.810679957443,5
0.8,-4018.857573254264,5
0.9,-3995.14763174146,5
0.9,-4019.1395438855984,5
0.9,-4025.3868402069775,5
0.9,-4004.6380941478565,5
0.9,-4002.80139652085,5
0.9,-4018.9607567704447,5
0.9,-4004.9458436005534,5
0.9,-4000.428664666228,5
0.9,-4012.634926448356,5
0.9,-3991.1567228885665,5
0.9,-3982.6095462849808,5
0.9,-3999.6785545063262,5
0.9,-4012.2670989687094,5
0.9,-4024.056041643244,5
0.9,-3994.2161751826625,5
0.9,-4010.931329593251,5
0.9,-4020.610663334082,5
0.9,-4009.568591677977,5
0.9,-4012.183699646901,5
0.9,-4007.571634222758,5
0.9,-4017.296666409739,5
0.9,-4021.701923256389,5
0.9,-3998.5495864711334,5
0.9,-4021.1295310906085,5
0.9,-4005.716117768197,5
0.9,-4011.8898628884017,5
0.9,-3996.4683915456176,5
0.9,-4009.8787583072904,5
0.9,-3992.5829145138205,5
0.9,-4013.2199075061017,5
0.9,-4007.6874047229385,5
0.9,-4012.3832687944946,5
0.9,-3988.7200987686197,5
0.9,-3998.4446293583483,5
0.9,-4008.130180061562,5
0.9,-4012.985885376649,5
0.9,-4015.037946283413,5
0.9,-3996.316462468268,5
0.9,-4016.35017257236,5
0.9,-3999.22243485996,5
0.9,-4013.8156200386,5
0.9,-4003.6552991390954,5
0.9,-4008.8836591704653,5
0.9,-4028.6843903743975,5
0.9,-4010.553833263149,5
0.9,-4008.354078094785,5
0.9,-3992.546496916613,5
0.9,-4008.944155762727,5
0.9,-4004.732299147047,5
0.9,-4018.038593904244,5
0.9,-4010.0148791284546,5
0.9,-4003.29247604244,5
0.9,-4003.5955991746173,5
0.9,-4014.3916846818643,5
0.9,-3999.9554693320974,5
0.9,-4000.207335637553,5
0.9,-4008.270266698563,5
0.9,-4009.974570407444,5
0.9,-3993.6801748709127,5
0.9,-3987.9423261176103,5
0.9,-4004.8855858871193,5
0.9,-4008.977105169938,5
0.9,-3998.4698593922367,5
0.9,-3993.646927887963,5
0.9,-4007.073599775291,5
0.9,-4002.132422126024,5
0.9,-4005.6233585942105,5
0.9,-4002.7272373651385,5
0.9,-4005.610612164567,5
0.9,-4018.492820842868,5
0.9,-3996.886182944704,5
0.9,-4008.147097666328,5
0.9,-3985.569687423245,5
0.9,-4001.3738672032837,5
0.9,-4009.2360692072857,5
0.9,-4014.4566284899734,5
0.9,-4015.260657413804,5
0.9,-3998.998541267148,5
0.9,-3993.508131329764,5
0.9,-4016.3312933888524,5
0.9,-4000.116085331571,5
0.9,-3998.3784380474226,5
0.9,-4000.213887150665,5
0.9,-4024.000699645269,5
0.9,-4019.7165073526808,5
0.9,-4015.5917343355695,5
0.9,-4012.4058922353033,5
0.9,-4010.0897879799336,5
0.9,-4009.3748148804684,5
0.9,-4008.3170276339174,5
0.9,-4007.7951078307347,5
0.9,-4024.8557594045665,5
0.9,-3999.5895308328686,5
0.9,-4018.3319591680215,5
0.9,-3998.3989235566846,5
0.9,-4000.156960434786,5
0.9,-3998.441350321169,5
0.9,-3992.0768227593894,5
0.9,-3996.1479450128363,5
0.9,-4003.253775600694,5
1.0,-4019.9768547704375,5
1.0,-3992.053931511156,5
1.0,-4013.434643796407,5
1.0,-3999.365370158629,5
1.0,-4023.886046530663,5
1.0,-4019.711571821792,5
1.0,-4012.6124701560952,5
1.0,-4001.143876390305,5
1.0,-4015.984013296799,5
1.0,-4010.6510828136093,5
1.0,-4019.2217775005793,5
1.0,-4000.6649572250117,5
1.0,-3999.939041083997,5
1.0,-4019.834042812032,5
1.0,-4006.274697506524,5
1.0,-4027.1299579500837,5
1.0,-4016.23031983751,5
1.0,-4029.1696000867487,5
1.0,-4021.007405316581,5
1.0,-4019.842368075826,5
1.0,-4012.5575691966505,5
1.0,-4024.426976519081,5
1.0,-4006.293471405397,5
1.0,-3997.8167122109453,5
1.0,-4011.8830872732938,5
1.0,-4016.073539963224,5
1.0,-4017.748977109183,5
1.0,-4023.290512582547,5
1.0,-4009.1506668605157,5
1.0,-4018.4551067295897,5
1.0,-4016.125996435445,5
1.0,-4016.2526026170276,5
1.0,-4021.5871796645743,5
1.0,-4012.5232864482373,5
1.0,-4016.238229061995,5
1.0,-4007.46144696122,5
1.0,-4018.2035002251296,5
1.0,-4001.62726415199,5
1.0,-4007.9415003455792,5
1.0,-4022.088341777042,5
1.0,-4013.3672038823233,5
1.0,-4011.317103979566,5
1.0,-4017.162918447996,5
1.0,-4008.8638791351514,5
1.0,-4020.853302807371,5
1.0,-4010.8419269699652,5
1.0,-4020.4592223048976,5
1.0,-4002.942330478167,5
1.0,-4003.6011401963196,5
1.0,-4024.6612388171598,5
1.0,-4016.4075109339205,5
1.0,-4027.543176159386,5
1.0,-4024.9130923498424,5
1.0,-4028.553130211261,5
1.0,-4028.566978975742,5
1.0,-4018.9257846284722,5
1.0,-4009.4287449087883,5
1.0,-4010.2741099367363,5
1.0,-4000.6157217981586,5
1.0,-3997.2021765050595,5
1.0,-3995.1590973826137,5
1.0,-4010.2169990337975,5
1.0,-4004.829340280719,5
1.0,-4021.711219515348,5
1.0,-4012.2625628420537,5
1.0,-4011.523676157751,5
1.0,-4000.1535512507667,5
1.0,-4019.3176897523654,5
1.0,-4006.075400069405,5
1.0,-4008.191519107779,5
1.0,-4020.127244302211,5
1.0,-4031.3727772837847,5
1.0,-4006.3426046901523,5
1.0,-4010.6635041117283,5
1.0,-4019.2097222166094,5
1.0,-4005.4345926001906,5
1.0,-4022.0721764004793,5
1.0,-3994.7211885538813,5
1.0,-4007.5675722477927,5
1.0,-4000.210552915306,5
1.0,-4003.1891342882286,5
1.0,-4008.5064011142754,5
1.0,-4010.5799789823436,5
1.0,-4021.741422393931,5
1.0,-3995.9463322913016,5
1.0,-4018.049540113023,5
1.0,-4023.9370582903034,5
1.0,-4012.07049919751,5
1.0,-4001.12465207451,5
1.0,-4018.5549050617083,5
1.0,-4015.0587170892395,5
1.0,-4023.248893793093,5
1.0,-4003.450263610336,5
1.0,-4010.210764300076,5
1.0,-4029.745736876646,5
1.0,-4028.787548010909,5
1.0,-4019.3472149432096,5
1.0,-4022.869745353152,5
1.0,-4017.6528081081287,5
1.0,-4025.4240941996486,5
0.1,-4006.5133275865983,6
0.1,-3992.346254107245,6
0.1,-3992.8256099775067,6
0.1,-3984.490773345618,6
0.1,-4012.3960608464563,6
0.1,-3995.0202601501296,6
0.1,-3991.0435642222196,6
0.1,-3996.335042024049,6
0.1,-3995.7971883789355,6
0.1,-4008.631975099977,6
0.1,-3997.925352143658,6
0.1,-3998.6647551824517,6
0.1,-4011.0707061969997,6
0.1,-3997.740659927255,6
0.1,-3999.1785673154227,6
0.1,-4006.6159082192694,6
0.1,-3999.982330469868,6
0.1,-3989.5057668329496,6
0.1,-3990.949444922495,6
0.1,-4011.066134540461,6
0.1,-4011.722290321034,6
0.1,-3997.5912521522987,6
0.1,-3979.3392225436896,6
0.1,-3993.2245845235207,6
0.1,-3996.6703734397574,6
0.1,-4006.2046665892462,6
0.1,-3996.569567135204,6
0.1,-4008.252646963245,6
0.1,-3982.693878064477,6
0.1,-4009.3526871261547,6
0.1,-3984.276060881128,6
0.1,-3990.4161542940506,6
0.1,-3985.9983929909176,6
0.1,-3988.0035402415515,6
0.1,-3995.62019864019,6
0.1,-3991.0256761190444,6
0.1,-4002.417648619402,6
0.1,-3990.744553555181,6
0.1,-4002.391676261794,6
0.1,-3994.472288932079,6
0.1,-4018.3297121332216,6
0.1,-3992.5958778635295,6
0.1,-3985.786719844644,6
0.1,-3995.0797976439508,6
0.1,-3994.137264415867,6
0.1,-4005.9043016358546,6
0.1,-3994.203822147594,6
0.1,-3996.081844529043,6
0.1,-3998.886833496617,6
0.1,-3992.6917073397613,6
0.1,-3989.2335888943767,6
0.1,-3993.452195069438,6
0.1,-3994.459527862254,6
0.1,-3981.886822785707,6
0.1,-3996.2891889410225,6
0.1,-3984.644222529684,6
0.1,-3995.5630130752247,6
0.1,-4000.3396646039314,6
0.1,-4004.814452266145,6
0.1,-4007.5057669821485,6
0.1,-3984.222278329455,6
0.1,-3993.0668099418845,6
0.1,-3987.1745491985725,6
0.1,-3996.201451992737,6
0.1,-3996.2520259153644,6
0.1,-3989.6063805123167,6
0.1,-3993.5768743177864,6
0.1,-3994.4515917885074,6
0.1,-4000.084291382712,6
0.1,-4007.7325454099273,6
0.1,-4002.440256574104,6
0.1,-3995.5145030920494,6
0.1,-4001.6564784762127,6
0.1,-3997.2484764368073,6
0.1,-4001.7771512119357,6
0.1,-4010.9958278587815,6
0.1,-3990.5460267361345,6
0.1,-3982.1102586419174,6
0.1,-4004.6809991694736,6
0.1,-3992.5870840221814,6
0.1,-4001.2935449152037,6
0.1,-3994.145377296646,6
0.1,-3997.0203725165447,6
0.1,-4001.0583293593513,6
0.1,-3983.9049903406135,6
0.1,-4009.1914481170516,6
0.1,-3995.246042485416,6
0.1,-3991.8312471884865,6
0.1,-4002.3469292173827,6
0.1,-3995.434142631944,6
0.1,-3993.6009304202967,6
0.1,-4006.35160730507,6
0.1,-4003.2316442749907,6
0.1,-3996.4000822498006,6
0.1,-4000.1207301329164,6
0.1,-4013.602832936864,6
0.1,-3998.4773252058353,6
0.1,-3990.5658836666216,6
0.1,-3984.449697452822,6
0.1,-4001.283333110851,6
0.2,-4004.9561485636054,6
0.2,-3985.9564860664223,6
0.2,-3981.7475226015204,6
0.2,-3977.2453817612045,6
0.2,-3994.694422716244,6
0.2,-3994.4189840396757,6
0.2,-3994.188106342533,6
0.2,-4006.8024675140055,6
0.2,-3992.164496695394,6
0.2,-3991.540144054081,6
0.2,-3993.9975546010587,6
0.2,-3984.65546927821,6
0.2,-4007.249244574311,6
0.2,-4006.8484915139716,6
0.2,-4005.020836815244,6
0.2,-3998.048898838127,6
0.2,-3992.8333074917914,6
0.2,-3981.1310164145143,6
0.2,-3996.7950379218396,6
0.2,-4000.9222657888486,6
0.2,-3992.966743510337,6
0.2,-4017.1604049029042,6
0.2,-3998.4920912775397,6
0.2,-3992.096545739168,6
0.2,-3987.19671705588,6
0.2,-3998.589824823094,6
0.2,-3999.565639656313,6
0.2,-3993.464451302681,6
0.2,-3991.8939445863098,6
0.2,-3990.369903436855,6
0.2,-3989.7108901012425,6
0.2,-3999.9263216301383,6
0.2,-3998.582016466885,6
0.2,-3985.2131361077354,6
0.2,-4004.4082905118958,6
0.2,-4007.759170246136,6
0.2,-4005.4826191888096,6
0.2,-4009.8569251050317,6
0.2,-3990.020431434383,6
0.2,-4001.780814992317,6
0.2,-3996.515057440034,6
0.2,-3995.833697635941,6
0.2,-4007.0436790347744,6
0.2,-3994.427223103733,6
0.2,-3990.139491538963,6
0.2,-4006.5170993415845,6
0.2,-3997.937358631524,6
0.2,-3991.223684215989,6
0.2,-4000.0652061966657,6
0.2,-3995.856595193435,6
0.2,-3991.74746351838,6
0.2,-3983.5845204682837,6
0.2,-4001.7106155709625,6
0.2,-3991.9369430621236,6
0.2,-3986.168299207994,6
0.2,-3998.132968636261,6
0.2,-3981.837507242275,6
0.2,-4026.4328908329057,6
0.2,-3997.2666518390815,6
0.2,-4017.055627557779,6
0.2,-4005.4410900061685,6
0.2,-3989.0298494043027,6
0.2,-3985.806835203655,6
0.2,-3996.449682519359,6
0.2,-4003.686498157231,6
0.2,-4011.0827388233406,6
0.2,-3998.0796018638675,6
0.2,-4004.730918029865,6
0.2,-3996.528252101901,6
0.2,-3999.479723591359,6
0.2,-4008.912362189209,6
0.2,-3994.680970238123,6
0.2,-4004.208930480434,6
0.2,-3997.219961758065,6
0.2,-3988.5757037693797,6
0.2,-3995.843282044287,6
0.2,-3990.8250063926525,6
0.2,-4004.722356988171,6
0.2,-3991.059684742365,6
0.2,-4006.142492232723,6
0.2,-3998.1997081235327,6
0.2,-3994.9618397728323,6
0.2,-3988.3315574660724,6
0.2,-3995.9511882676093,6
0.2,-4003.969909657093,6
0.2,-3994.164153983891,6
0.2,-4000.532140725085,6
0.2,-3998.7001935308117,6
0.2,-3997.4270061076118,6
0.2,-4001.555411425261,6
0.2,-3997.7126941672977,6
0.2,-3997.9011362467622,6
0.2,-4004.820277550952,6
0.2,-3998.5714340243726,6
0.2,-4006.821648561211,6
0.2,-4012.6941365116545,6
0.2,-4001.3269012213195,6
0.2,-3990.436788364918,6
0.2,-3995.307253668838,6
0.2,-4004.9387723528166,6
0.3,-3986.7551922672847,6
0.3,-3987.4055562570397,6
0.3,-4003.9019896166046,6
0.3,-4003.6132294593863,6
0.3,-3987.3334518686097,6
0.3,-4001.4602383511456,6
0.3,-4000.13805186335,6
0.3,-3979.9425594434247,6
0.3,-3994.003590981689,6
0.3,-4002.138338266809,6
0.3,-3992.3863393293914,6
0.3,-3999.6174595388816,6
0.3,-3997.7132815958817,6
0.3,-4007.0276891479602,6
0.3,-3998.188826788934,6
0.3,-4002.9662546631475,6
0.3,-4001.9591539593503,6
0.3,-3988.7209986454336,6
0.3,-4002.674096290503,6
0.3,-4000.045631870072,6
0.3,-4007.273135826823,6
0.3,-4000.481381430139,6
0.3,-3995.1489807762027,6
0.3,-3998.72501466777,6
0.3,-4013.1930610420745,6
0.3,-4002.383606319773,6
0.3,-4001.0054702131006,6
0.3,-3998.2416881801596,6
0.3,-3993.326130860354,6
0.3,-3997.3084358721185,6
0.3,-4013.0654225350145,6
0.3,-4016.749952743623,6
0.3,-4006.3942245649982,6
0.3,-3985.156846279737,6
0.3,-3994.5442291621184,6
0.3,-3983.828969117625,6
0.3,-3994.7260956192295,6
0.3,-4004.2271015715833,6
0.3,-3986.884095732163,6
0.3,-4003.108221424006,6
0.3,-3985.2297929840665,6
0.3,-4004.0208024525823,6
0.3,-3984.0149822623066,6
0.3,-3983.283225860846,6
0.3,-3988.353864725472,6
0.3,-4006.42858064289,6
0.3,-3988.513238494414,6
0.3,-3998.724312932429,6
0.3,-4008.7123879401597,6
0.3,-3990.394693061171,6
0.3,-4007.626447139191,6
0.3,-4007.4402963999974,6
0.3,-4013.160821020215,6
0.3,-4000.6005366112886,6
0.3,-4002.747066064943,6
0.3,-3993.772914563973,6
0.3,-3993.2993499139516,6
0.3,-4007.203263999194,6
0.3,-3993.9859583164507,6
0.3,-4001.746416261652,6
0.3,-3991.0800374061128,6
0.3,-4001.812337762761,6
0.3,-4002.045851351937,6
0.3,-4017.420544871364,6
0.3,-4017.7988420343177,6
0.3,-3994.4407873247414,6
0.3,-3999.331310079694,6
0.3,-3997.7621736072592,6
0.3,-4011.719659940495,6
0.3,-4005.911333394106,6
0.3,-3985.646791732086,6
0.3,-3984.624233220182,6
0.3,-4005.249684127756,6
0.3,-3985.0554758037965,6
0.3,-4004.3845199220045,6
0.3,-3990.8217234061112,6
0.3,-3999.7968666634274,6
0.3,-3996.0696850376944,6
0.3,-3983.3789588883596,6
0.3,-3993.3862464328618,6
0.3,-4013.1293702548573,6
0.3,-3992.801775046051,6
0.3,-4005.3496947199424,6
0.3,-4005.849360331746,6
0.3,-3992.94807369233,6
0.3,-3992.127143436049,6
0.3,-3999.819335693608,6
0.3,-3993.3783184400168,6
0.3,-3985.291831518355,6
0.3,-4003.615433863604,6
0.3,-4003.2109159001434,6
0.3,-3998.6560650663255,6
0.3,-3999.7670195409396,6
0.3,-4002.879479097423,6
0.3,-4019.7831493921435,6
0.3,-4007.5377172948292,6
0.3,-3996.6315270977425,6
0.3,-3987.1193723835036,6
0.3,-3988.8317981569007,6
0.3,-3999.9582749827573,6
0.4,-4000.2960982838504,6
0.4,-3998.675646851975,6
0.4,-4028.7231300218464,6
0.4,-3999.40958672547,6
0.4,-4006.7030962559666,6
0.4,-4008.792161814944,6
0.4,-4007.718178190417,6
0.4,-4001.147357483923,6
0.4,-4006.21968232483,6
0.4,-3998.27916326373,6
0.4,-4004.8812072928195,6
0.4,-3999.4470028363667,6
0.4,-4010.0720396599568,6
0.4,-4004.025138086316,6
0.4,-4009.467953677562,6
0.4,-4008.775765392555,6
0.4,-4020.303794367114,6
0.4,-4010.579539679456,6
0.4,-4007.3994116632007,6
0.4,-4018.61677829493,6
0.4,-3994.94209448196,6
0.4,-4000.975652837731,6
0.4,-4005.2781962862214,6
0.4,-4008.305901939055,6
0.4,-4014.9892015122546,6
0.4,-4019.3582324059375,6
0.4,-4007.044377350437,6
0.4,-3995.1891684647658,6
0.4,-4008.2693934178237,6
0.4,-4002.5068027974744,6
0.4,-3997.4818120307914,6
0.4,-4007.04053686113,6
0.4,-4010.576832101477,6
0.4,-4012.1035538341225,6
0.4,-4001.682301801301,6
0.4,-4005.395813253749,6
0.4,-3999.9754382356027,6
0.4,-4003.2309415171094,6
0.4,-4011.948443006997,6
0.4,-4007.0570309714394,6
0.4,-4016.682908181628,6
0.4,-4020.196981546643,6
0.4,-4000.6912663868525,6
0.4,-4017.5311563739606,6
0.4,-4001.8379939566275,6
0.4,-4020.1453697905795,6
0.4,-3996.9279678686335,6
0.4,-4004.3310780026964,6
0.4,-4009.7293338545596,6
0.4,-4005.10996806058,6
0.4,-4004.692820954449,6
0.4,-4003.227566970677,6
0.4,-4003.3260109204575,6
0.4,-4004.2600991323957,6
0.4,-4010.788778726768,6
0.4,-4023.843634460451,6
0.4,-3998.224139816591,6
0.4,-4011.355674444601,6
0.4,-4006.950660689607,6
0.4,-3998.408349177426,6
0.4,-4004.013049588144,6
0.4,-4002.9048116622794,6
0.4,-4005.730061120051,6
0.4,-4009.554785491617,6
0.4,-4015.6569278298466,6
0.4,-4004.418777985478,6
0.4,-4000.662055243212,6
0.4,-4015.769067240744,6
0.4,-4000.167455260992,6
0.4,-4016.5359839832036,6
0.4,-4012.493725916559,6
0.4,-4005.278433780196,6
0.4,-4015.469968119518,6
0.4,-4002.7557513385846,6
0.4,-4001.2781066998787,6
0.4,-4027.7252883199185,6
0.4,-4005.5283989226477,6
0.4,-4025.7279169462945,6
0.4,-4006.889689426374,6
0.4,-4000.71093661682,6
0.4,-4008.625770907112,6
0.4,-4005.271902631527,6
0.4,-4002.9217336025913,6
0.4,-4014.54514523946,6
0.4,-4001.8345161156963,6
0.4,-4012.297275444119,6
0.4,-4007.9819631137234,6
0.4,-4006.6080615153337,6
0.4,-4001.560374769489,6
0.4,-4004.6864169238956,6
0.4,-4008.5632728010896,6
0.4,-4011.6220950740535,6
0.4,-4011.600217290022,6
0.4,-4004.0250646577283,6
0.4,-4009.0556472268736,6
0.4,-4007.897064375896,6
0.4,-3992.110016849954,6
0.4,-4004.6089575122896,6
0.4,-3992.6748798312606,6
0.4,-4013.7867534597754,6
0.5,-3997.1534986192605,6
0.5,-3989.385821960628,6
0.5,-4001.677972617501,6
0.5,-3999.546932560664,6
0.5,-4005.6152056475753,6
0.5,-4010.4213623401324,6
0.5,-3995.450577577348,6
0.5,-3996.20037231349,6
0.5,-3990.288637460608,6
0.5,-3997.5374163413485,6
0.5,-3994.9406407605456,6
0.5,-3997.3613026448884,6
0.5,-3996.6623259786174,6
0.5,-3988.522285807062,6
0.5,-3997.7911711968864,6
0.5,-3992.805109265337,6
0.5,-4011.3992815710867,6
0.5,-4001.9270794109866,6
0.5,-4012.324518533079,6
0.5,-3998.9422206869667,6
0.5,-3998.400805990276,6
0.5,-4003.4419304920198,6
0.5,-3993.9214203089505,6
0.5,-3998.226674147174,6
0.5,-4000.3781836877965,6
0.5,-4008.3077624797834,6
0.5,-4000.5763817356055,6
0.5,-4004.8087970470488,6
0.5,-4005.8608046278628,6
0.5,-4006.71202555534,6
0.5,-4004.327380777273,6
0.5,-4001.5134989441763,6
0.5,-4000.6154194375667,6
0.5,-3987.7704653376854,6
0.5,-3986.8669278258326,6
0.5,-3999.496783989124,6
0.5,-3999.868030685705,6
0.5,-3995.6528810245277,6
0.5,-4002.427777971051,6
0.5,-3989.6160113626315,6
0.5,-3996.042016075404,6
0.5,-3993.5256507232516,6
0.5,-4006.216415010644,6
0.5,-3994.178149691382,6
0.5,-4013.5712054367605,6
0.5,-4006.3503858704757,6
0.5,-4008.294343471398,6
0.5,-3998.5743499223177,6
0.5,-4006.567358372298,6
0.5,-3997.5480493217124,6
0.5,-3998.6242627446063,6
0.5,-4016.180569588152,6
0.5,-3993.2338054078737,6
0.5,-3996.6972462359267,6
0.5,-3997.9361548250304,6
0.5,-4001.9031191046643,6
0.5,-4007.5193450842785,6
0.5,-4001.054164663526,6
0.5,-4001.8663755667067,6
0.5,-4010.7015997629655,6
0.5,-4001.124591679101,6
0.5,-4025.5681211532033,6
0.5,-4002.5624197359025,6
0.5,-3997.0622206250046,6
0.5,-4013.4954662557498,6
0.5,-4002.720777901824,6
0.5,-4013.755021695642,6
0.5,-4017.2279934424287,6
0.5,-4004.3116232535613,6
0.5,-3986.760391603978,6
0.5,-4008.0927109045024,6
0.5,-3999.478848102598,6
0.5,-4002.5498407880796,6
0.5,-4000.3033334492998,6
0.5,-4001.1567319248065,6
0.5,-4010.157401848676,6
0.5,-3999.56520921316,6
0.5,-3999.584861355779,6
0.5,-4003.9120748352257,6
0.5,-3997.4492285505526,6
0.5,-4009.9201934515418,6
0.5,-4002.919540548186,6
0.5,-3998.118749593761,6
0.5,-3988.8665156380002,6
0.5,-3999.7876283065802,6
0.5,-4000.764199084294,6
0.5,-3993.943803040046,6
0.5,-4016.367010154457,6
0.5,-3995.552956763107,6
0.5,-3992.9904107821935,6
0.5,-3999.694552888155,6
0.5,-3996.0826176914316,6
0.5,-4004.7882581510103,6
0.5,-3997.6394274747063,6
0.5,-3993.2963993754634,6
0.5,-4002.573715648855,6
0.5,-3996.314229072583,6
0.5,-3988.340893454596,6
0.5,-4005.933259026587,6
0.5,-4021.135277370457,6
0.6,-4009.9168782425795,6
0.6,-4007.3714489523804,6
0.6,-4005.185310419798,6
0.6,-4000.3747924042245,6
0.6,-3991.5791807206674,6
0.6,-4008.439984176087,6
0.6,-4006.959659698028,6
0.6,-4004.502700785475,6
0.6,-4003.9032034320257,6
0.6,-4003.5229032576794,6
0.6,-4003.6980627945914,6
0.6,-4012.0576923656604,6
0.6,-4027.3096442211445,6
0.6,-4001.549606715373,6
0.6,-3993.0990813123594,6
0.6,-4015.99965432455,6
0.6,-4016.905989472028,6
0.6,-3995.355381346192,6
0.6,-3991.7442245434804,6
0.6,-3998.583522871938,6
0.6,-4011.795870533441,6
0.6,-4008.9212609774895,6
0.6,-4019.7851310239193,6
0.6,-3997.4730305762487,6
0.6,-4011.4058498641953,6
0.6,-4013.789871386998,6
0.6,-4005.6880992574047,6
0.6,-4007.3862787848548,6
0.6,-4000.9419616944606,6
0.6,-4007.2040250376494,6
0.6,-4004.260269103192,6
0.6,-3992.9265604581738,6
0.6,-3998.71318037137,6
0.6,-4019.144129800408,6
0.6,-3992.584858901237,6
0.6,-4001.2919055118505,6
0.6,-3997.1189721452893,6
0.6,-4011.0891509541743,6
0.6,-3997.7447354212554,6
0.6,-4003.703022389928,6
0.6,-4003.186786887683,6
0.6,-3999.421685598399,6
0.6,-4003.379686859885,6
0.6,-3995.7064912987667,6
0.6,-3987.4071463452738,6
0.6,-4011.3778548241003,6
0.6,-3989.049000171644,6
0.6,-3995.8786527198317,6
0.6,-3992.8396488455082,6
0.6,-3995.537152986787,6
0.6,-4017.104154975514,6
0.6,-4006.9103871913303,6
0.6,-3994.9721543723745,6
0.6,-4013.6446528390147,6
0.6,-4001.632640251689,6
0.6,-3992.881393555857,6
0.6,-4001.200017015842,6
0.6,-4013.666611368336,6
0.6,-3994.867571570145,6
0.6,-4008.7842457854695,6
0.6,-4003.4584339497596,6
0.6,-4000.6669586085663,6
0.6,-4004.971803397823,6
0.6,-3998.1040424964203,6
0.6,-3999.0809320044527,6
0.6,-4002.422869709549,6
0.6,-4012.253283520365,6
0.6,-4000.2260661385453,6
0.6,-4001.0237744951714,6
0.6,-4019.1309454221264,6
0.6,-4004.870943692401,6
0.6,-3996.520166083155,6
0.6,-4001.6619943423752,6
0.6,-4011.684107776017,6
0.6,-4002.1876125743506,6
0.6,-4012.8297435752647,6
0.6,-4005.099082868725,6
0.6,-3997.6678022576993,6
0.6,-4019.7103007469645,6
0.6,-3988.639128944017,6
0.6,-3993.959512619622,6
0.6,-3994.86257931065,6
0.6,-3998.116627682381,6
0.6,-4004.2543691321976,6
0.6,-3998.987833643248,6
0.6,-4010.243529143897,6
0.6,-3997.205874032643,6
0.6,-3992.4056863540804,6
0.6,-3994.631077430653,6
0.6,-4013.14755374617,6
0.6,-3994.8923968662666,6
0.6,-4001.5835949767247,6
0.6,-4003.184371551738,6
0.6,-4006.389169327091,6
0.6,-4013.925635757448,6
0.6,-4010.477477298199,6
0.6,-3993.775245368549,6
0.6,-4003.1732497805833,6
0.6,-4011.801513174172,6
0.6,-4005.9861726993395,6
0.7,-3997.6844781441705,6
0.7,-3987.0180018984584,6
0.7,-3988.4933294161087,6
0.7,-4001.7784453550767,6
0.7,-3993.1224897977054,6
0.7,-3987.0643628744015,6
0.7,-3996.493764755545,6
0.7,-4003.4272557632753,6
0.7,-4000.926471369366,6
0.7,-4007.9652428901377,6
0.7,-4003.6333279052824,6
0.7,-4009.8499878976636,6
0.7,-4001.8856370143594,6
0.7,-4013.2868100542373,6
0.7,-4009.9185502134123,6
0.7,-3997.1411305719776,6
0.7,-3988.1761095619154,6
0.7,-3990.783136972607,6
0.7,-3992.6576914438974,6
0.7,-4006.605657376355,6
0.7,-4000.941335272173,6
0.7,-4000.263368852528,6
0.7,-3994.7974543714245,6
0.7,-4011.7760907420547,6
0.7,-3995.3668086173548,6
0.7,-4002.171460194046,6
0.7,-4012.347523904335,6
0.7,-4020.0847439126346,6
0.7,-3989.171195911259,6
0.7,-3986.587612590373,6
0.7,-3999.894894509135,6
0.7,-3994.222945652876,6
0.7,-4011.624044091041,6
0.7,-3986.8478926090597,6
0.7,-4008.3233513437876,6
0.7,-4002.5079077066343,6
0.7,-4004.33503905434,6
0.7,-4018.1767624864697,6
0.7,-3989.0526833320146,6
0.7,-4006.0608624696515,6
0.7,-3989.8003335983426,6
0.7,-4023.438253543522,6
0.7,-4007.652471700239,6
0.7,-4001.135680046758,6
0.7,-3985.6093435307785,6
0.7,-4001.9759575214803,6
0.7,-4004.697856808382,6
0.7,-4019.3115321273694,6
0.7,-4001.2973139315454,6
0.7,-3995.138886316655,6
0.7,-3993.5581959134706,6
0.7,-3981.7368298393203,6
0.7,-4005.624195866068,6
0.7,-3998.078274057646,6
0.7,-4000.6715253410543,6
0.7,-4018.115102560435,6
0.7,-4008.0062159099803,6
0.7,-3997.169848178088,6
0.7,-4001.56395386936,6
0.7,-4024.5130435215347,6
0.7,-3982.4963572851834,6
0.7,-4005.6912718729122,6
0.7,-3988.202195418883,6
0.7,-4015.440860282786,6
0.7,-3988.355194344177,6
0.7,-4006.798938432822,6
0.7,-4002.5627049255418,6
0.7,-3985.3835475359606,6
0.7,-4000.8427606143528,6
0.7,-3978.638816502421,6
0.7,-3999.470973438963,6
0.7,-4020.570958421738,6
0.7,-4028.333159303265,6
0.7,-4003.3981216514335,6
0.7,-4001.020620958696,6
0.7,-3987.46739536979,6
0.7,-4022.9319004387653,6
0.7,-4012.494234978681,6
0.7,-3990.0818577303157,6
0.7,-4004.1451336044156,6
0.7,-3998.0275691976785,6
0.7,-4001.9975249081076,6
0.7,-3992.160493981419,6
0.7,-4000.65988521041,6
0.7,-4006.3488649097685,6
0.7,-4000.814711633755,6
0.7,-3987.862681750545,6
0.7,-3990.319651458687,6
0.7,-3998.043958358047,6
0.7,-3997.2322739334877,6
0.7,-4009.449671161536,6
0.7,-3989.3315440220204,6
0.7,-4008.403968084542,6
0.7,-4005.0943372249267,6
0.7,-3997.3161844147903,6
0.7,-3993.135277223681,6
0.7,-3991.478102606495,6
0.7,-3996.707133675926,6
0.7,-4000.141116913217,6
0.7,-4027.084362127372,6
0.8,-4010.637819682005,6
0.8,-3998.464916589493,6
0.8,-4008.1928663729896,6
0.8,-4003.75233255834,6
0.8,-4002.2391685654893,6
0.8,-4004.7261421302383,6
0.8,-4008.0286368147526,6
0.8,-4008.4400669535758,6
0.8,-4002.8965252572893,6
0.8,-4005.8954517620914,6
0.8,-4004.0230947949963,6
0.8,-3994.7650973970362,6
0.8,-4010.76474917668,6
0.8,-3997.80474915532,6
0.8,-4005.775575371453,6
0.8,-4009.8939286016193,6
0.8,-4000.337105369931,6
0.8,-4008.119984246228,6
0.8,-4010.7081890410595,6
0.8,-3994.734891725184,6
0.8,-4009.4464870851234,6
0.8,-4005.6665108934562,6
0.8,-4005.86619199317,6
0.8,-3988.541117557962,6
0.8,-4001.0533521300868,6
0.8,-4000.681687929968,6
0.8,-4006.8428959332696,6
0.8,-4003.0694200135536,6
0.8,-4008.707859725074,6
0.8,-3988.3449897354535,6
0.8,-4006.6404321657947,6
0.8,-4004.78136675693,6
0.8,-4001.5640362962517,6
0.8,-4008.2326027001577,6
0.8,-4016.6181610283816,6
0.8,-4003.24916780519,6
0.8,-3997.2546880235163,6
0.8,-4011.738770989229,6
0.8,-4002.3920874985897,6
0.8,-3994.25929878549,6
0.8,-4003.971190803621,6
0.8,-4006.5225391612003,6
0.8,-3993.261196844146,6
0.8,-4000.227168137944,6
0.8,-4003.8951184589423,6
0.8,-4009.340496582904,6
0.8,-4012.0875509646567,6
0.8,-3998.0494242080235,6
0.8,-4005.840076309825,6
0.8,-4012.9155031812397,6
0.8,-3991.6323739652908,6
0.8,-4011.7836758449716,6
0.8,-3997.922689662263,6
0.8,-3991.4744143488338,6
0.8,-4006.427901008852,6
0.8,-4003.647615218835,6
0.8,-4002.6478343968724,6
0.8,-4008.1165055293272,6
0.8,-4015.3795032044995,6
0.8,-4008.381773105236,6
0.8,-4002.2605330339175,6
0.8,-4009.7737588529503,6
0.8,-4002.9074439707856,6
0.8,-4001.4046604069626,6
0.8,-4002.6353592842274,6
0.8,-3995.2342313600825,6
0.8,-4007.793618389005,6
0.8,-4016.874927860319,6
0.8,-4009.148263458525,6
0.8,-4002.1604561778922,6
0.8,-4020.294282338296,6
0.8,-4008.666653698947,6
0.8,-4012.5915549538563,6
0.8,-4001.9673765895063,6
0.8,-4010.570116037677,6
0.8,-4012.1773413571923,6
0.8,-4000.4263314646437,6
0.8,-4008.5910775832567,6
0.8,-3996.9647923126076,6
0.8,-4003.4256092960945,6
0.8,-4011.7269161031386,6
0.8,-4006.1808082133025,6
0.8,-3999.108284974199,6
0.8,-3999.03584508775,6
0.8,-3995.6830284142666,6
0.8,-4009.671908876258,6
0.8,-4008.2618889380637,6
0.8,-3999.755625336084,6
0.8,-4001.9010802414455,6
0.8,-4000.324053059281,6
0.8,-4026.1586798543253,6
0.8,-3998.2810692320586,6
0.8,-4009.660728318915,6
0.8,-3994.4685529154526,6
0.8,-4005.6409789623835,6
0.8,-4005.8011461872115,6
0.8,-4004.194008091983,6
0.8,-4027.9640862014403,6
0.8,-3994.4834083464725,6
0.8,-4003.236556947467,6
0.9,-3993.853928649425,6
0.9,-4004.919444544865,6
0.9,-3987.861548182331,6
0.9,-3993.1531006382393,6
0.9,-3999.1545496864137,6
0.9,-3992.5232350334854,6
0.9,-3981.363158015409,6
0.9,-4003.412567962793,6
0.9,-4014.205103116001,6
0.9,-4017.7135619496485,6
0.9,-3989.043426815473,6
0.9,-3997.119083879921,6
0.9,-4001.348491867246,6
0.9,-4012.1018261451322,6
0.9,-4002.9554281554806,6
0.9,-4008.915261894988,6
0.9,-3987.7447483735937,6
0.9,-3996.781704659066,6
0.9,-3983.7076724560025,6
0.9,-3982.299036869663,6
0.9,-3997.674288611265,6
0.9,-3987.933392497664,6
0.9,-3994.737684500522,6
0.9,-4001.3952185642083,6
0.9,-4010.295583331164,6
0.9,-3990.681023062118,6
0.9,-4003.1896416218888,6
0.9,-4000.0703984728466,6
0.9,-4004.5264366233087,6
0.9,-3995.383989412012,6
0.9,-3991.9090130727996,6
0.9,-3990.4798947012423,6
0.9,-3986.5769109290677,6
0.9,-3991.4541257801366,6
0.9,-3979.5477072663584,6
0.9,-3986.484967033299,6
0.9,-3994.912228831192,6
0.9,-4006.2490805284965,6
0.9,-3979.738082565741,6
0.9,-4003.988801944918,6
0.9,-3988.9546114614905,6
0.9,-3989.9438244570474,6
0.9,-3988.1077486036043,6
0.9,-3980.1588539387785,6
0.9,-3992.2055490640964,6
0.9,-4000.7425188686784,6
0.9,-3983.7365884926403,6
0.9,-4004.393663305066,6
0.9,-4006.822719509182,6
0.9,-3997.4397235342926,6
0.9,-3985.923541782884,6
0.9,-3989.2214517186294,6
0.9,-4011.9216693880453,6
0.9,-4004.449621856467,6
0.9,-3999.6615306192457,6
0.9,-3999.2175049953194,6
0.9,-3988.2396199821114,6
0.9,-4006.3320824188045,6
0.9,-4001.4525332338158,6
0.9,-3990.510473109969,6
0.9,-3995.798682201133,6
0.9,-4006.757002551578,6
0.9,-3994.3309546867126,6
0.9,-3999.095737933492,6
0.9,-3993.187797637433,6
0.9,-3985.651792152828,6
0.9,-3987.1754869913666,6
0.9,-3993.997687635561,6
0.9,-3987.701096703212,6
0.9,-3988.924757747412,6
0.9,-4019.8293748615956,6
0.9,-3978.6455411416327,6
0.9,-3989.8401719331805,6
0.9,-3998.400459637536,6
0.9,-3992.708858195444,6
0.9,-3993.8878032650064,6
0.9,-3982.51958724735,6
0.9,-4008.3217902161336,6
0.9,-4005.327085744203,6
0.9,-4011.696695756846,6
0.9,-3998.1548051941268,6
0.9,-3996.4436512045786,6
0.9,-4017.8839498612583,6
0.9,-3997.2336996778313,6
0.9,-3999.372012022651,6
0.9,-3987.0121549715905,6
0.9,-3994.2175382462115,6
0.9,-3981.7751888267517,6
0.9,-4004.5475138456713,6
0.9,-3997.4802272619563,6
0.9,-4008.822583672203,6
0.9,-4007.6185096213203,6
0.9,-3997.650699405129,6
0.9,-4009.3008133313688,6
0.9,-3992.7284229994716,6
0.9,-4003.8609426357802,6
0.9,-3985.931696699992,6
0.9,-4006.623380432439,6
0.9,-3992.0764122196524,6
0.9,-3983.515478974395,6
1.0,-4020.340104277277,6
1.0,-3999.8323960139587,6
1.0,-4010.874087663576,6
1.0,-4006.9910906018827,6
1.0,-4002.7991858033815,6
1.0,-3997.300016248777,6
1.0,-4020.302887006812,6
1.0,-3996.8250862044824,6
1.0,-3989.1824641898024,6
1.0,-3997.2218406848615,6
1.0,-3998.280550421227,6
1.0,-4007.3073985544493,6
1.0,-3998.679584806297,6
1.0,-4005.248037755302,6
1.0,-4001.6087485927096,6
1.0,-3991.7304785976175,6
1.0,-4000.1022027712143,6
1.0,-3992.3077963659034,6
1.0,-4001.992997050017,6
1.0,-4013.6179149073087,6
1.0,-4002.6542793768494,6
1.0,-4004.7053486292416,6
1.0,-4002.829101775382,6
1.0,-4003.8028874725833,6
1.0,-4002.8113502187325,6
1.0,-3993.83202183891,6
1.0,-3996.3829827276477,6
1.0,-3999.8232107124936,6
1.0,-4023.936378022444,6
1.0,-3998.850345103818,6
1.0,-3991.087692761852,6
1.0,-4004.00862859928,6
1.0,-4022.1113008949874,6
1.0,-3992.3173094932304,6
1.0,-3995.200550304387,6
1.0,-4005.6732369831407,6
1.0,-4007.5746330670095,6
1.0,-4000.4631685231843,6
1.0,-3983.482247887626,6
1.0,-4004.224927709389,6
1.0,-3998.2850047583943,6
1.0,-4000.6998737995414,6
1.0,-3996.9083936120137,6
1.0,-4002.7001366345053,6
1.0,-4010.567164263604,6
1.0,-4004.402263836582,6
1.0,-3989.7363731012074,6
1.0,-3999.358009344955,6
1.0,-3997.0759293484894,6
1.0,-4003.395312207515,6
1.0,-4007.488643797035,6
1.0,-3999.69718776658,6
1.0,-4005.3525539529946,6
1.0,-4004.8296227638016,6
1.0,-3994.5781114999786,6
1.0,-3997.6972436922406,6
1.0,-4018.6037347069396,6
1.0,-4002.810596334251,6
1.0,-4017.436463607794,6
1.0,-4012.04978048022,6
1.0,-4001.84534115526,6
1.0,-4010.4351924575926,6
1.0,-3993.5049422490483,6
1.0,-4006.0295029608988,6
1.0,-4015.3862631245365,6
1.0,-3993.789407345224,6
1.0,-4006.617939371526,6
1.0,-4002.641499008401,6
1.0,-4002.217871475392,6
1.0,-3990.929324866583,6
1.0,-4011.414146953157,6
1.0,-3991.884147921532,6
1.0,-4003.548372132756,6
1.0,-3993.8004326613705,6
1.0,-3993.765274512649,6
1.0,-4007.31601493258,6
1.0,-3997.436752415087,6
1.0,-3996.4705063011047,6
1.0,-4004.544765146232,6
1.0,-4005.9466342585993,6
1.0,-4000.791653069698,6
1.0,-4009.055399143471,6
1.0,-3997.48384184265,6
1.0,-4016.734009080596,6
1.0,-4015.689043004532,6
1.0,-4001.1235563828,6
1.0,-3995.1565848548767,6
1.0,-3995.0367248193143,6
1.0,-3995.6810311830195,6
1.0,-3997.2541648973606,6
1.0,-4000.198895904781,6
1.0,-4000.9292593182813,6
1.0,-4007.2876542397057,6
1.0,-4002.919994244679,6
1.0,-3994.605902685211,6
1.0,-4010.450543738865,6
1.0,-3994.634104403174,6
1.0,-3985.7943648962982,6
1.0,-4002.2693490671577,6
1.0,-4001.9454283393684,6
0.1,-3986.9653186303863,7
0.1,-3988.2021460422484,7
0.1,-4004.445189987018,7
0.1,-3999.1770282232096,7
0.1,-3988.285309786913,7
0.1,-3991.6399815915884,7
0.1,-3998.1320063699163,7
0.1,-3988.978389944825,7
0.1,-3999.7523320800697,7
0.1,-4004.06799982754,7
0.1,-3990.1860201847053,7
0.1,-3990.683220799139,7
0.1,-3994.767721958611,7
0.1,-3993.8515894095217,7
0.1,-3988.847528367332,7
0.1,-3988.4062064167933,7
0.1,-3996.051138669629,7
0.1,-3992.1948767245235,7
0.1,-4001.015595412583,7
0.1,-3990.183987631589,7
0.1,-3993.410442178361,7
0.1,-3981.74546170254,7
0.1,-3990.737812399958,7
0.1,-4004.4044073963155,7
0.1,-4001.8762185380056,7
0.1,-3993.7081505239767,7
0.1,-3990.540529117836,7
0.1,-3987.585587831826,7
0.1,-3991.329296464606,7
0.1,-4002.6317674014394,7
0.1,-3984.458698364584,7
0.1,-3984.902844068662,7
0.1,-3992.2050820284644,7
0.1,-3984.6781692235745,7
0.1,-3989.336372862654,7
0.1,-3994.5584207236816,7
0.1,-4002.1526392977316,7
0.1,-3989.8461871665754,7
0.1,-3990.528197202188,7
0.1,-3987.7849285147813,7
0.1,-3984.0667314265365,7
0.1,-3988.2446267323116,7
0.1,-3986.8561275388247,7
0.1,-3996.9185151462993,7
0.1,-3984.3590968234107,7
0.1,-3999.447444891716,7
0.1,-3997.2585706728582,7
0.1,-4003.4277824338005,7
0.1,-3982.6267382331657,7
0.1,-4005.20343401346,7
0.1,-3997.9151003372826,7
0.1,-3989.8635765081303,7
0.1,-3996.414572882426,7
0.1,-3990.529548036333,7
0.1,-3998.182273001898,7
0.1,-3983.6337296300158,7
0.1,-3986.9996688414226,7
0.1,-3990.8218849015193,7
0.1,-3990.7781469213132,7
0.1,-3988.7312588612817,7
0.1,-3987.664492098342,7
0.1,-4004.660765173536,7
0.1,-3989.386708466618,7
0.1,-3991.219233526321,7
0.1,-3993.888689631112,7
0.1,-3990.017057569895,7
0.1,-3999.640519405511,7
0.1,-3984.4076780292985,7
0.1,-4002.3450578722777,7
0.1,-3997.914416277228,7
0.1,-3991.19502446495,7
0.1,-3985.8487780819974,7
0.1,-3982.8578230192743,7
0.1,-3997.243647079553,7
0.1,-4000.795634433508,7
0.1,-3986.3374218439894,7
0.1,-4006.2292682409498,7
0.1,-3985.311418883795,7
0.1,-3992.6801251700936,7
0.1,-4000.370513864596,7
0.1,-3987.955929445476,7
0.1,-3991.1124315394363,7
0.1,-3998.82364655883,7
0.1,-3997.8265629165717,7
0.1,-3985.9828695479387,7
0.1,-3997.4550022994454,7
0.1,-3988.2448018215696,7
0.1,-3991.8649705612124,7
0.1,-3996.1847592244026,7
0.1,-3989.308134184669,7
0.1,-3993.8572724861624,7
0.1,-3990.1985475155584,7
0.1,-3987.624039555671,7
0.1,-3989.429531589078,7
0.1,-3994.5603725280985,7
0.1,-3987.4519747204786,7
0.1,-3986.6513636679347,7
0.1,-3988.1509646504555,7
0.1,-3984.5851556320613,7
0.1,-3993.640002497271,7
0.2,-3991.0629474122866,7
0.2,-3996.685963197733,7
0.2,-3989.752427943667,7
0.2,-3986.583476764036,7
0.2,-3992.529735693473,7
0.2,-3986.9080982109017,7
0.2,-3995.2920429321925,7
0.2,-3993.9663998150654,7
0.2,-3996.4264673093035,7
0.2,-3986.74386542797,7
0.2,-4004.8158327583797,7
0.2,-3983.909529342823,7
0.2,-3998.3657908029268,7
0.2,-3985.5024240496323,7
0.2,-3997.2465477692376,7
0.2,-3991.938481268966,7
0.2,-3993.900492572451,7
0.2,-3989.925070874548,7
0.2,-4000.6038574957042,7
0.2,-3992.804217543556,7
0.2,-3983.364451251232,7
0.2,-4002.736673465093,7
0.2,-3996.634458366203,7
0.2,-3994.6945638346256,7
0.2,-3986.7332530425265,7
0.2,-3985.214633237945,7
0.2,-3988.637856634324,7
0.2,-3994.386312372632,7
0.2,-3989.3493752340037,7
0.2,-3996.222814905269,7
0.2,-3985.1926937486223,7
0.2,-3991.289927113123,7
0.2,-3984.4645346161415,7
0.2,-3993.747406489944,7
0.2,-3986.0946181803774,7
0.2,-3997.2367942058554,7
0.2,-3995.9407593152964,7
0.2,-3988.2728389723225,7
0.2,-3988.018963709316,7
0.2,-3998.1147669297993,7
0.2,-3985.1934981171257,7
0.2,-3990.5230837787844,7
0.2,-3989.2020417307717,7
0.2,-3999.720145615761,7
0.2,-3986.973214598143,7
0.2,-3999.1084103186786,7
0.2,-3988.6321465470623,7
0.2,-3997.8341533074745,7
0.2,-3998.550331600871,7
0.2,-3988.684265290701,7
0.2,-3995.4588426948603,7
0.2,-3989.1601823394767,7
0.2,-3995.402377063326,7
0.2,-3986.192227076806,7
0.2,-3987.360200065478,7
0.2,-3988.0018470734526,7
0.2,-3995.981682295734,7
0.2,-4007.3242458776085,7
0.2,-3997.25622980073,7
0.2,-3989.715776178663,7
0.2,-3987.897945650515,7
0.2,-4004.753699841986,7
0.2,-4000.3988327864286,7
0.2,-3992.9432067349576,7
0.2,-3989.1225053829153,7
0.2,-3990.1590465648887,7
0.2,-4001.5682913258056,7
0.2,-3997.141619649628,7
0.2,-3994.2897911800846,7
0.2,-3989.0258032928155,7
0.2,-3993.7908858414658,7
0.2,-3992.05129757067,7
0.2,-3987.08669371685,7
0.2,-3987.2126945356754,7
0.2,-3991.4588423008786,7
0.2,-4002.833135129297,7
0.2,-3997.0435974145857,7
0.2,-3987.614758204752,7
0.2,-4001.9849315793617,7
0.2,-3987.391893697179,7
0.2,-3994.9506666938673,7
0.2,-3989.079199868723,7
0.2,-3993.216531362017,7
0.2,-3987.5938914466597,7
0.2,-3995.9880030413656,7
0.2,-3984.668435009678,7
0.2,-3994.7199666201336,7
0.2,-3988.832244092818,7
0.2,-3991.428022185425,7
0.2,-3990.1396210941666,7
0.2,-3999.840247178955,7
0.2,-3996.9883024276655,7
0.2,-3993.985783164839,7
0.2,-3996.3766679756327,7
0.2,-4004.6088434939306,7
0.2,-3993.4024252513614,7
0.2,-3995.9955599245013,7
0.2,-3998.519940843488,7
0.2,-3989.8746830744126,7
0.2,-3997.2685545734785,7
0.3,-4002.1200028898834,7
0.3,-3997.0883715566288,7
0.3,-3984.8235551231746,7
0.3,-3994.4474316356764,7
0.3,-3985.964022650437,7
0.3,-3989.196605562876,7
0.3,-3990.173021987625,7
0.3,-3992.9903490464158,7
0.3,-3987.318817372393,7
0.3,-4005.901222125899,7
0.3,-3984.156072918782,7
0.3,-3992.237337474432,7
0.3,-3992.2095141123136,7
0.3,-3989.360598955554,7
0.3,-3989.567202169432,7
0.3,-3991.511173896066,7
0.3,-3993.795427298545,7
0.3,-4001.596787505131,7
0.3,-3991.997475705545,7
0.3,-3997.058453002593,7
0.3,-3989.3763271975304,7
0.3,-3993.7743878812835,7
0.3,-3995.26671088986,7
0.3,-3990.4250066047675,7
0.3,-3989.2386809374216,7
0.3,-3993.486045109096,7
0.3,-3996.1245072745724,7
0.3,-3991.09930387242,7
0.3,-3987.6009770580786,7
0.3,-3995.211099603233,7
0.3,-3983.7758098629097,7
0.3,-3987.7054608135036,7
0.3,-3989.20670090403,7
0.3,-3988.1584808923512,7
0.3,-3989.0369922289906,7
0.3,-3996.2537408156113,7
0.3,-3985.144844420031,7
0.3,-3983.8556231122807,7
0.3,-3989.563938525508,7
0.3,-3987.021959576854,7
0.3,-3985.241897307377,7
0.3,-3992.999995688545,7
0.3,-3993.4868531737384,7
0.3,-3988.677483053914,7
0.3,-3989.0847599133012,7
0.3,-3988.250751965194,7
0.3,-4002.313407760311,7
0.3,-3993.5231263536607,7
0.3,-3990.079116254596,7
0.3,-3986.242576410069,7
0.3,-3993.293569338449,7
0.3,-3989.574875436526,7
0.3,-3990.217393426563,7
0.3,-3997.5071282185304,7
0.3,-3986.5132493986666,7
0.3,-3989.4303012143455,7
0.3,-4009.7838540261682,7
0.3,-3990.918991436664,7
0.3,-3987.702066313482,7
0.3,-3990.4558174401336,7
0.3,-3986.947992437146,7
0.3,-3999.8873146517603,7
0.3,-3989.326002724207,7
0.3,-3996.19657781208,7
0.3,-3986.779629321233,7
0.3,-3986.0892821248435,7
0.3,-4004.6176545326653,7
0.3,-4004.249466218824,7
0.3,-3997.1748560376664,7
0.3,-3992.320074204513,7
0.3,-3991.4666490012373,7
0.3,-3996.073482541974,7
0.3,-3997.5738575601654,7
0.3,-4001.7008237403193,7
0.3,-3998.221646841074,7
0.3,-4008.3155099760183,7
0.3,-3993.892386451438,7
0.3,-3998.4109901325737,7
0.3,-3991.903848480103,7
0.3,-3987.734799813068,7
0.3,-3991.9590825055066,7
0.3,-3993.2703501992337,7
0.3,-3992.083695746907,7
0.3,-4005.2487939715124,7
0.3,-3990.4523972066686,7
0.3,-4004.427267315208,7
0.3,-3991.0505134130785,7
0.3,-3986.421654604004,7
0.3,-3986.845046005673,7
0.3,-3993.770331713668,7
0.3,-3987.2217196561346,7
0.3,-3994.745803225119,7
0.3,-3999.6040759513376,7
0.3,-3986.411217898766,7
0.3,-3987.6105837692444,7
0.3,-3992.4481319352426,7
0.3,-3993.0048846335694,7
0.3,-3988.879732005726,7
0.3,-3987.6487261988136,7
0.3,-4015.689795555263,7
0.4,-3991.0153008427837,7
0.4,-3992.0346575489916,7
0.4,-4001.1349390123933,7
0.4,-4005.333234515082,7
0.4,-3991.3772136072535,7
0.4,-4004.7250671899747,7
0.4,-4004.625356530727,7
0.4,-4005.6408620521506,7
0.4,-3994.487798459759,7
0.4,-4001.609525781,7
0.4,-4005.853562845429,7
0.4,-4019.4454828530615,7
0.4,-3991.2993511844757,7
0.4,-4007.402277835663,7
0.4,-4000.239874956903,7
0.4,-4003.287471877789,7
0.4,-4001.852158650228,7
0.4,-3995.8026599308646,7
0.4,-4026.3301838121174,7
0.4,-3997.427341792733,7
0.4,-4003.4068413504565,7
0.4,-4010.807721624229,7
0.4,-3999.5800854135273,7
0.4,-4005.5481048369065,7
0.4,-4006.0045958865167,7
0.4,-3994.3507435471865,7
0.4,-3994.1719610433797,7
0.4,-3988.6230384601135,7
0.4,-3998.767309141129,7
0.4,-3992.77236026423,7
0.4,-3994.0097186626454,7
0.4,-4005.884587295473,7
0.4,-4000.402315393168,7
0.4,-3989.1270480548587,7
0.4,-3988.1888787102994,7
0.4,-3999.416717369546,7
0.4,-4001.8015600037934,7
0.4,-4012.4955696285724,7
0.4,-3988.0990218196894,7
0.4,-3988.6004483811494,7
0.4,-4015.824274798559,7
0.4,-4002.9039481388418,7
0.4,-3989.69627211409,7
0.4,-3998.7513649984253,7
0.4,-3999.242899990204,7
0.4,-3997.763213069124,7
0.4,-3999.524827908436,7
0.4,-3996.618685850494,7
0.4,-4003.5948166183753,7
0.4,-4008.169403200314,7
0.4,-3999.211653341439,7
0.4,-3992.3536279752398,7
0.4,-3989.5025795416395,7
0.4,-4001.8242655947993,7
0.4,-3990.7686334302007,7
0.4,-4001.096789852045,7
0.4,-4010.723558011256,7
0.4,-4002.4420336646053,7
0.4,-4009.650533452173,7
0.4,-4012.4432757985287,7
0.4,-4007.0316829752765,7
0.4,-4001.049615458844,7
0.4,-3993.9465722918276,7
0.4,-4010.5504802378473,7
0.4,-3994.5292355476245,7
0.4,-4008.1591562798435,7
0.4,-4010.3108900173343,7
0.4,-3992.5438356803447,7
0.4,-4005.920891514979,7
0.4,-4003.671624292708,7
0.4,-4009.9180533102162,7
0.4,-3994.0544103868674,7
0.4,-4006.763070228099,7
0.4,-3995.114334374366,7
0.4,-4012.418521324366,7
0.4,-4002.5001056812825,7
0.4,-4005.50056978914,7
0.4,-4002.741386497338,7
0.4,-4008.5238440874145,7
0.4,-3993.0446336584505,7
0.4,-4003.270189663181,7
0.4,-4011.052533737743,7
0.4,-4009.7293658126873,7
0.4,-3989.8935681460835,7
0.4,-3999.830185846886,7
0.4,-4007.409284286361,7
0.4,-4011.1927978009535,7
0.4,-4002.4761447384835,7
0.4,-3990.639324919733,7
0.4,-3994.419555796503,7
0.4,-4008.5595340403584,7
0.4,-3993.734173358219,7
0.4,-4014.1999320330406,7
0.4,-4005.9622818253565,7
0.4,-3988.1584527887935,7
0.4,-4010.438605355026,7
0.4,-4006.6029017794026,7
0.4,-4016.078036594704,7
0.4,-4004.107540321989,7
0.4,-4012.5536332407887,7
0.5,-4013.5478066118762,7
0.5,-3993.800649011729,7
0.5,-3986.395092977248,7
0.5,-3998.732793405005,7
0.5,-4001.5854676806293,7
0.5,-3997.874678025168,7
0.5,-3992.9494164861003,7
0.5,-3992.520922557439,7
0.5,-4006.921742475934,7
0.5,-4008.766342381283,7
0.5,-3994.0182684829397,7
0.5,-3988.3140233296253,7
0.5,-3989.447245060888,7
0.5,-3987.5916383279746,7
0.5,-4008.1318619953527,7
0.5,-4003.0933858290223,7
0.5,-3997.151017902394,7
0.5,-3992.8673007591005,7
0.5,-4007.0033931139783,7
0.5,-3990.6830753688214,7
0.5,-3994.9103638701063,7
0.5,-3994.583165090251,7
0.5,-3993.029299624942,7
0.5,-3987.951188990809,7
0.5,-4007.330096571652,7
0.5,-3993.043144453901,7
0.5,-3996.8304719143525,7
0.5,-3994.8129487155124,7
0.5,-3993.1136685613396,7
0.5,-3999.652819695095,7
0.5,-3992.8756906747735,7
0.5,-3984.9927336489463,7
0.5,-4003.64478923023,7
0.5,-3990.2347670719237,7
0.5,-4002.0172380222534,7
0.5,-3998.058879530301,7
0.5,-3995.863411275898,7
0.5,-3998.548550167107,7
0.5,-3997.914423493576,7
0.5,-3994.592796902534,7
0.5,-3988.550864811598,7
0.5,-3983.48347983668,7
0.5,-4004.4756826979715,7
0.5,-3991.9319406865725,7
0.5,-3997.5538357120495,7
0.5,-4004.1022418522007,7
0.5,-3998.189683026916,7
0.5,-3989.360502530795,7
0.5,-4001.026861986587,7
0.5,-3986.2131616511597,7
0.5,-3992.522761878997,7
0.5,-3994.081116299164,7
0.5,-3992.751886748377,7
0.5,-3989.3736890359974,7
0.5,-4002.295174968266,7
0.5,-4010.633268384018,7
0.5,-4005.2333046680833,7
0.5,-4008.2145219838353,7
0.5,-3987.130089865757,7
0.5,-3988.5042598515415,7
0.5,-4001.2182558303134,7
0.5,-4009.1159742731925,7
0.5,-3999.545656572763,7
0.5,-4011.0299297297493,7
0.5,-3997.8741180011525,7
0.5,-4015.8227900518173,7
0.5,-4009.9978848259207,7
0.5,-4011.8494395795146,7
0.5,-4002.7632988028795,7
0.5,-4003.5236485381834,7
0.5,-4003.068312886943,7
0.5,-4004.382122993258,7
0.5,-3993.805283451994,7
0.5,-3998.9317007644845,7
0.5,-3999.958803287374,7
0.5,-3996.513837223429,7
0.5,-3999.0716890202198,7
0.5,-3989.2575426161666,7
0.5,-3999.1761998825395,7
0.5,-4003.6195158534333,7
0.5,-3988.3105798364904,7
0.5,-3998.3711217343994,7
0.5,-3995.016016125685,7
0.5,-3996.678162022251,7
0.5,-3990.230484617109,7
0.5,-3994.3794470053394,7
0.5,-4002.1849317446495,7
0.5,-3990.842053681366,7
0.5,-3990.6468495640565,7
0.5,-4005.278925904891,7
0.5,-3991.736402386947,7
0.5,-4000.13370087318,7
0.5,-4002.60529879826,7
0.5,-4000.5463666882592,7
0.5,-4018.8166282835878,7
0.5,-4008.3397294003325,7
0.5,-4004.0649591680694,7
0.5,-3991.371458967491,7
0.5,-4001.628264372239,7
0.5,-3989.6807614493296,7
0.6,-3992.7273970516585,7
0.6,-3999.286144575241,7
0.6,-3992.05480363516,7
0.6,-3999.183428894778,7
0.6,-3984.783238117653,7
0.6,-3991.715506566302,7
0.6,-3996.86822515422,7
0.6,-3996.5266123133847,7
0.6,-3988.6208658599153,7
0.6,-4004.2159175502784,7
0.6,-4009.894957826372,7
0.6,-3995.5075712645785,7
0.6,-3997.1848776579204,7
0.6,-3989.839284753917,7
0.6,-4020.0303652926923,7
0.6,-4005.5283627498693,7
0.6,-4003.8837492797147,7
0.6,-3993.6069726224214,7
0.6,-3996.813704611661,7
0.6,-3994.5718322289563,7
0.6,-3992.8296359566843,7
0.6,-3996.0436663022006,7
0.6,-3994.1294070746612,7
0.6,-3989.9730332872227,7
0.6,-3988.605320439515,7
0.6,-3993.173200423057,7
0.6,-4000.8018493506047,7
0.6,-3993.771795466719,7
0.6,-3993.5017687749446,7
0.6,-3996.1091737876163,7
0.6,-3998.988796368819,7
0.6,-4020.0153912413384,7
0.6,-3994.4727939050513,7
0.6,-3998.1414675869114,7
0.6,-3999.2805652800935,7
0.6,-4009.2660975038225,7
0.6,-3994.0017584004145,7
0.6,-4000.323484473367,7
0.6,-4015.0955479946965,7
0.6,-4001.147124420779,7
0.6,-3982.468597319823,7
0.6,-4003.7375908140425,7
0.6,-3995.1523778038327,7
0.6,-3994.527975218174,7
0.6,-4002.5516361317937,7
0.6,-3998.685174398007,7
0.6,-3992.256393521808,7
0.6,-3985.783764398789,7
0.6,-4010.8012379160873,7
0.6,-4015.192182492001,7
0.6,-3991.6969637206107,7
0.6,-4006.4530501897907,7
0.6,-4034.911903052276,7
0.6,-4001.70981052705,7
0.6,-4006.6247508392207,7
0.6,-4005.908108306401,7
0.6,-4005.741768319656,7
0.6,-4002.5700529510527,7
0.6,-4003.9755407224397,7
0.6,-3988.3451570328293,7
0.6,-4006.0270930531315,7
0.6,-3998.0789211530196,7
0.6,-3996.370263195479,7
0.6,-3992.297626965772,7
0.6,-3992.0081868785323,7
0.6,-3997.6506327966244,7
0.6,-3985.5318313403122,7
0.6,-4001.3322211069944,7
0.6,-3991.965896548243,7
0.6,-4003.9256264357878,7
0.6,-3992.32570744725,7
0.6,-4002.6226817958454,7
0.6,-3991.3128762276983,7
0.6,-3990.4075689068854,7
0.6,-3993.2482068130466,7
0.6,-3999.809313564623,7
0.6,-3986.7878420640895,7
0.6,-3989.4123475783026,7
0.6,-3993.7956563709035,7
0.6,-4000.8423861187334,7
0.6,-4005.052235674344,7
0.6,-3998.1465357897555,7
0.6,-3990.316081408116,7
0.6,-3985.7475588842854,7
0.6,-4002.403839756307,7
0.6,-4004.1845013817892,7
0.6,-4007.8158433377616,7
0.6,-3993.3738362149006,7
0.6,-3999.4263313783817,7
0.6,-3991.370350291402,7
0.6,-3987.730225854077,7
0.6,-3995.9970187566123,7
0.6,-3991.0853039666035,7
0.6,-4003.168611943183,7
0.6,-3997.6022925163174,7
0.6,-4000.891995634204,7
0.6,-3988.413462103491,7
0.6,-3986.4740203156,7
0.6,-3989.0335759679074,7
0.6,-3982.9233468518946,7
0.7,-3994.566059572669,7
0.7,-3987.3766505897806,7
0.7,-4002.5480413079654,7
0.7,-3995.130926573707,7
0.7,-3995.937997983167,7
0.7,-4001.405489687089,7
0.7,-3999.689714420902,7
0.7,-3992.6652392939204,7
0.7,-3994.0712770267864,7
0.7,-3984.4912253020534,7
0.7,-3994.9038625779344,7
0.7,-3991.1201579359404,7
0.7,-3999.767671324656,7
0.7,-4000.1236600665115,7
0.7,-3992.8796752150506,7
0.7,-3998.617331166157,7
0.7,-3998.171707428476,7
0.7,-3993.969571558383,7
0.7,-4002.1060007139936,7
0.7,-3986.0274737529408,7
0.7,-3991.056628951487,7
0.7,-3991.063395382385,7
0.7,-3988.000230248412,7
0.7,-3991.7666370836355,7
0.7,-3989.32544137817,7
0.7,-3993.2721308104074,7
0.7,-3998.3563749894415,7
0.7,-3985.6144339463417,7
0.7,-3986.5443382051944,7
0.7,-3992.2262881737265,7
0.7,-3982.823195052132,7
0.7,-3995.5636057090887,7
0.7,-3983.750403353037,7
0.7,-3999.3607165621916,7
0.7,-3985.7122242922474,7
0.7,-4010.8083598532858,7
0.7,-3987.5288658540453,7
0.7,-3994.8729201664455,7
0.7,-3985.5763604434915,7
0.7,-3988.1989139346747,7
0.7,-4012.542432531619,7
0.7,-3995.224236961369,7
0.7,-4001.4059172599177,7
0.7,-3997.044667348345,7
0.7,-3997.292135250141,7
0.7,-3997.277649871158,7
0.7,-3986.7542672122013,7
0.7,-3989.3042174978227,7
0.7,-3988.5006638337873,7
0.7,-3998.382694322466,7
0.7,-3983.642788755163,7
0.7,-3999.23615549728,7
0.7,-3988.2812381512053,7
0.7,-3985.7006161115846,7
0.7,-3997.378514674881,7
0.7,-3992.0227940043387,7
0.7,-3991.6933048812866,7
0.7,-3995.135519231609,7
0.7,-3989.3607828522754,7
0.7,-3993.6756568691385,7
0.7,-4007.5023875993693,7
0.7,-4012.341120276128,7
0.7,-3992.261877793925,7
0.7,-3994.5807421356335,7
0.7,-3994.2545048664415,7
0.7,-3994.1005551345534,7
0.7,-3984.8353789181815,7
0.7,-3989.5402900080867,7
0.7,-4002.0276284581505,7
0.7,-3989.918795904537,7
0.7,-3995.6689901684913,7
0.7,-3998.2603877017286,7
0.7,-3993.557754624009,7
0.7,-3998.4001024345935,7
0.7,-3991.0163143179857,7
0.7,-3990.1496797979867,7
0.7,-3989.1566402647045,7
0.7,-3980.6362197941994,7
0.7,-3998.148032893471,7
0.7,-3997.2039694366094,7
0.7,-4010.8164280387946,7
0.7,-4006.5154668642795,7
0.7,-3998.4601877382993,7
0.7,-3985.5463432379956,7
0.7,-3997.4783454306435,7
0.7,-3989.6034924106607,7
0.7,-3991.4078935878324,7
0.7,-3992.1778111104377,7
0.7,-3985.467440975876,7
0.7,-3990.954262659392,7
0.7,-3988.309873579572,7
0.7,-3992.881425885131,7
0.7,-3988.6925348283694,7
0.7,-3994.9536470971307,7
0.7,-3993.6634634900483,7
0.7,-3993.3155451438683,7
0.7,-3989.0899099891026,7
0.7,-3983.3319146369467,7
0.7,-3996.2336640316694,7
0.7,-3990.783945691357,7
0.8,-3998.486887593329,7
0.8,-4003.391839795515,7
0.8,-4000.6222924084054,7
0.8,-4009.714828337669,7
0.8,-4010.699544547904,7
0.8,-4015.535872485722,7
0.8,-4001.336831152562,7
0.8,-4007.2533355401447,7
0.8,-3998.709327509899,7
0.8,-4010.040790729248,7
0.8,-3994.545330994704,7
0.8,-3997.6516937590795,7
0.8,-3989.299441593824,7
0.8,-3996.058402579134,7
0.8,-3989.389625285177,7
0.8,-4001.1667270821135,7
0.8,-3997.7134077817054,7
0.8,-4002.4687793255744,7
0.8,-4001.4773295826794,7
0.8,-4014.508910277,7
0.8,-4000.9791853479064,7
0.8,-4002.2655180254987,7
0.8,-3998.9621366035085,7
0.8,-3990.3627581982973,7
0.8,-4004.9883259872095,7
0.8,-4004.7671699577604,7
0.8,-3994.248219176407,7
0.8,-3998.2300817838923,7
0.8,-4003.504323694323,7
0.8,-4000.8368761080114,7
0.8,-3993.803932088598,7
0.8,-3991.1152850277826,7
0.8,-3986.4401697711232,7
0.8,-3989.1803409204463,7
0.8,-4004.205597164438,7
0.8,-4008.977848657849,7
0.8,-4008.3733949989582,7
0.8,-3986.4665057720554,7
0.8,-4017.19678695417,7
0.8,-3998.541108523059,7
0.8,-4004.681762928526,7
0.8,-4014.250478841328,7
0.8,-3988.233402409431,7
0.8,-3992.311826650126,7
0.8,-3998.321604782053,7
0.8,-4005.5863113572664,7
0.8,-4009.5303258804115,7
0.8,-4004.48439543765,7
0.8,-3993.9521790795,7
0.8,-4005.803144545825,7
0.8,-3996.9959494282,7
0.8,-3999.3603685869625,7
0.8,-3988.2576494430023,7
0.8,-3997.642862963202,7
0.8,-4008.689364433821,7
0.8,-3994.0178400572704,7
0.8,-3987.8328201371046,7
0.8,-3990.3476504412247,7
0.8,-3999.0231228678676,7
0.8,-4006.2293280329623,7
0.8,-3999.61702893295,7
0.8,-4001.1864423713682,7
0.8,-3987.7257041207185,7
0.8,-3985.4516783610466,7
0.8,-3992.5973843901743,7
0.8,-4009.5997167780683,7
0.8,-3997.7073653431494,7
0.8,-3984.255404437398,7
0.8,-4011.88901731451,7
0.8,-4009.2674193925222,7
0.8,-4003.4913227308775,7
0.8,-4011.91191839012,7
0.8,-3999.605568418324,7
0.8,-3998.7084299779276,7
0.8,-4006.0093688799834,7
0.8,-4006.988326253162,7
0.8,-4009.9386188689655,7
0.8,-4002.5615793777115,7
0.8,-3997.343535734687,7
0.8,-3992.5466686587274,7
0.8,-3996.800660576655,7
0.8,-4003.6515008548963,7
0.8,-3995.014469777003,7
0.8,-4006.2942136628576,7
0.8,-4001.6183718244924,7
0.8,-3992.6674843579676,7
0.8,-4005.857208556272,7
0.8,-3999.357366627555,7
0.8,-4000.240945089891,7
0.8,-4001.2000414426925,7
0.8,-4008.6916530266417,7
0.8,-3999.4913585597938,7
0.8,-3992.4792383956765,7
0.8,-3998.761851767676,7
0.8,-4012.654413392363,7
0.8,-4002.5781745803574,7
0.8,-3989.4574990439205,7
0.8,-4010.0699005871784,7
0.8,-4003.7212699076217,7
0.8,-3990.572169093007,7
0.9,-3988.8656775026047,7
0.9,-3994.6683814957687,7
0.9,-3995.1867621441265,7
0.9,-3984.6467713723787,7
0.9,-3993.1371567310575,7
0.9,-3986.254173328437,7
0.9,-3991.2324387262934,7
0.9,-3999.4271409550706,7
0.9,-3994.040491000866,7
0.9,-3987.0632635423995,7
0.9,-4001.3098102457093,7
0.9,-3984.7293297602732,7
0.9,-3988.77369668934,7
0.9,-3989.838440718738,7
0.9,-3980.8451582635416,7
0.9,-3984.046530386021,7
0.9,-3997.3079672303,7
0.9,-3985.28464238477,7
0.9,-3998.0639121776817,7
0.9,-3988.2968173879112,7
0.9,-3990.6156046779097,7
0.9,-3985.7918660535192,7
0.9,-3994.794283958459,7
0.9,-4001.1503009554303,7
0.9,-4001.385677932265,7
0.9,-3991.9555936482466,7
0.9,-3990.034898891047,7
0.9,-3987.4226688855038,7
0.9,-3985.366475562835,7
0.9,-3987.1755134381574,7
0.9,-3986.7113081704,7
0.9,-3987.8438758137495,7
0.9,-3985.351847655657,7
0.9,-3989.161818291824,7
0.9,-3986.0682043140846,7
0.9,-3984.058668383941,7
0.9,-3998.086492875605,7
0.9,-3995.168161002731,7
0.9,-3989.870881578213,7
0.9,-3992.0635122800977,7
0.9,-3998.2589174109216,7
0.9,-3984.6742014094616,7
0.9,-3987.861820289978,7
0.9,-3987.1520222226777,7
0.9,-3984.665873028391,7
0.9,-3989.0925049694106,7
0.9,-4006.886787647059,7
0.9,-3987.4982492381077,7
0.9,-3990.2256592571634,7
0.9,-3986.0676955061326,7
0.9,-3983.5107347276885,7
0.9,-3994.710375367669,7
0.9,-3984.692903784231,7
0.9,-3984.2501585090554,7
0.9,-3991.0602362028003,7
0.9,-3991.8699478133644,7
0.9,-3985.2222361083636,7
0.9,-3986.3383262452326,7
0.9,-3987.7112512605786,7
0.9,-3995.3108344513926,7
0.9,-3987.4380468642466,7
0.9,-3985.2969275093255,7
0.9,-3984.2501404172936,7
0.9,-3988.004686472834,7
0.9,-3998.308754400781,7
0.9,-3990.279719879569,7
0.9,-3989.641970166865,7
0.9,-3986.671438733602,7
0.9,-3984.119309714412,7
0.9,-3994.6940246676863,7
0.9,-3988.21657067017,7
0.9,-3990.196247186844,7
0.9,-4006.178741389772,7
0.9,-3989.379515858851,7
0.9,-3989.127662162139,7
0.9,-3989.3014091907567,7
0.9,-3985.4522852349232,7
0.9,-3996.073858120498,7
0.9,-3987.0591752705423,7
0.9,-3984.1759713922247,7
0.9,-3990.937595931583,7
0.9,-3985.5785250317035,7
0.9,-3988.132809181123,7
0.9,-3991.4517785336066,7
0.9,-4003.36964233082,7
0.9,-3989.4858832673344,7
0.9,-3989.540486201796,7
0.9,-3985.4018030551133,7
0.9,-3987.487953464764,7
0.9,-3994.698383953664,7
0.9,-4002.794568464258,7
0.9,-3989.5856554297807,7
0.9,-3993.733283401024,7
0.9,-3993.7854077644824,7
0.9,-3998.028527669039,7
0.9,-3983.8893159855356,7
0.9,-3989.795192802907,7
0.9,-3989.40139124922,7
0.9,-3986.34666395428,7
0.9,-3985.8860719259865,7
1.0,-3988.4484869339435,7
1.0,-4005.8639955216654,7
1.0,-4005.365562470706,7
1.0,-3994.236825807055,7
1.0,-4004.14498807478,7
1.0,-4003.3134444245725,7
1.0,-4008.2743994088837,7
1.0,-3990.9688321339995,7
1.0,-3992.0975444502956,7
1.0,-3997.8144061559206,7
1.0,-3995.018682458492,7
1.0,-3989.545782329775,7
1.0,-4005.1441440175367,7
1.0,-4007.3600110532225,7
1.0,-4003.7971821425563,7
1.0,-4005.7292226626923,7
1.0,-3992.8198902607605,7
1.0,-3989.0325287329524,7
1.0,-4010.2231517449595,7
1.0,-4000.2666336357947,7
1.0,-4003.008930831605,7
1.0,-3999.478476673795,7
1.0,-3992.3646596258186,7
1.0,-3991.092392583238,7
1.0,-4010.4139751514736,7
1.0,-3994.5790248175235,7
1.0,-3997.882137686911,7
1.0,-4003.9801695846977,7
1.0,-3990.687580484613,7
1.0,-3990.5238318161764,7
1.0,-3995.3880427821446,7
1.0,-3992.889757370778,7
1.0,-3993.2181499122207,7
1.0,-4000.1030769142444,7
1.0,-3998.4961240703246,7
1.0,-3989.033978115093,7
1.0,-4007.71747776867,7
1.0,-3986.617366558265,7
1.0,-3992.8831068496806,7
1.0,-4000.464298679554,7
1.0,-3987.7962732145456,7
1.0,-4004.37020271181,7
1.0,-4000.7285524271197,7
1.0,-4007.124701911296,7
1.0,-4006.656115606918,7
1.0,-4002.15855527622,7
1.0,-3996.966019199879,7
1.0,-4002.0989955636846,7
1.0,-3986.3991696992257,7
1.0,-4009.7550280734094,7
1.0,-3998.6743301333363,7
1.0,-3988.8946341623473,7
1.0,-3988.378068529388,7
1.0,-3988.3156849915376,7
1.0,-3998.863333850019,7
1.0,-3999.0101700345335,7
1.0,-4001.3959626240985,7
1.0,-3990.500297812142,7
1.0,-3991.8624750798053,7
1.0,-3993.0411233464847,7
1.0,-4000.0682233749108,7
1.0,-3988.8288417927606,7
1.0,-4004.3400184420952,7
1.0,-4011.788588470013,7
1.0,-4000.791247650334,7
1.0,-3993.778492025813,7
1.0,-4005.5140170998347,7
1.0,-3996.0465467722433,7
1.0,-3991.7113356540344,7
1.0,-3993.875507845274,7
1.0,-4006.0941341000257,7
1.0,-3999.155400085297,7
1.0,-3997.057737095925,7
1.0,-4000.9640642469776,7
1.0,-4006.1551367677757,7
1.0,-3988.3030384919302,7
1.0,-3994.8169617976164,7
1.0,-4019.107443210822,7
1.0,-4006.2706424767835,7
1.0,-3998.990929239244,7
1.0,-4006.9606222212433,7
1.0,-3999.0610144441503,7
1.0,-4007.967932570091,7
1.0,-4002.0458898660536,7
1.0,-3987.1012435260454,7
1.0,-4008.917570015815,7
1.0,-3992.510053188356,7
1.0,-4002.11576990365,7
1.0,-4005.6125236074,7
1.0,-4006.0006140829305,7
1.0,-3997.669670498816,7
1.0,-3996.194887576861,7
1.0,-3996.527215416813,7
1.0,-3991.5400100935267,7
1.0,-3987.8692189125663,7
1.0,-4003.7052331841815,7
1.0,-4006.2891443371427,7
1.0,-3991.686247695963,7
1.0,-4011.5080122334502,7
1.0,-3999.205656873683,7
0.1,-3992.922470688144,8
0.1,-3991.0402365186637,8
0.1,-3992.3629893585685,8
0.1,-3999.405014475096,8
0.1,-3993.874840245837,8
0.1,-3996.877567029862,8
0.1,-3996.0051794436554,8
0.1,-3989.948711705007,8
0.1,-3992.087965888435,8
0.1,-3994.978746783755,8
0.1,-3991.157436030551,8
0.1,-3995.208847546905,8
0.1,-3996.0356374289445,8
0.1,-3999.3942181651446,8
0.1,-3992.75380684794,8
0.1,-3990.458985287491,8
0.1,-3991.1816320625753,8
0.1,-3994.8734302085018,8
0.1,-3995.0138850237695,8
0.1,-4006.917416361143,8
0.1,-3995.0523107009894,8
0.1,-3994.443577048344,8
0.1,-4009.6961236292404,8
0.1,-3996.9252440598016,8
0.1,-3998.2628544814097,8
0.1,-3993.213677323797,8
0.1,-3990.9283456183334,8
0.1,-3992.5073735729884,8
0.1,-3993.829186212649,8
0.1,-3991.7638499192913,8
0.1,-3995.1837800754074,8
0.1,-3993.105564108672,8
0.1,-4002.5994839628893,8
0.1,-3995.779423657114,8
0.1,-3992.81980209087,8
0.1,-3998.4950763882402,8
0.1,-3992.4449327487187,8
0.1,-3992.101000447373,8
0.1,-3997.1002768363396,8
0.1,-3999.238567870667,8
0.1,-3990.8319354991568,8
0.1,-3991.524413591367,8
0.1,-3992.1417514651657,8
0.1,-3996.1630087661847,8
0.1,-3990.811229203551,8
0.1,-3992.3694774437854,8
0.1,-3993.000564037822,8
0.1,-3988.9817297193727,8
0.1,-3993.649167998804,8
0.1,-3993.5254591114563,8
0.1,-3993.5264731133575,8
0.1,-3995.1134567044364,8
0.1,-3996.6586090819696,8
0.1,-3990.2813363294545,8
0.1,-3990.2117188816937,8
0.1,-3995.9617821052643,8
0.1,-3998.3108401947775,8
0.1,-4002.0773528183386,8
0.1,-4001.1306615724648,8
0.1,-3994.300703697695,8
0.1,-3993.2685511314926,8
0.1,-3990.008125458562,8
0.1,-3992.4765770028703,8
0.1,-3993.9465351670215,8
0.1,-3990.8751109237487,8
0.1,-3991.400747905669,8
0.1,-3986.7285044959895,8
0.1,-3995.701427794716,8
0.1,-3988.9384999537046,8
0.1,-3993.411487193805,8
0.1,-3990.452065865481,8
0.1,-3992.70048491644,8
0.1,-3992.3021271310413,8
0.1,-4002.103545213539,8
0.1,-3993.488230392071,8
0.1,-3992.9361365515906,8
0.1,-3999.3615069366224,8
0.1,-3995.8332468948,8
0.1,-3992.961505046835,8
0.1,-3992.319226827061,8
0.1,-4001.9210215705434,8
0.1,-4001.01624032534,8
0.1,-3991.1298658137284,8
0.1,-3997.7538353137356,8
0.1,-3990.25209139045,8
0.1,-4003.373599420533,8
0.1,-3996.6139240422785,8
0.1,-3997.5010603373266,8
0.1,-3995.1550275619393,8
0.1,-4001.1994701861854,8
0.1,-3997.046935244875,8
0.1,-3996.618609813036,8
0.1,-3992.19913497705,8
0.1,-3994.8082792839887,8
0.1,-3995.393400765027,8
0.1,-3992.3395966455505,8
0.1,-3991.551919577968,8
0.1,-3997.0901035188576,8
0.1,-3999.427240846908,8
0.1,-3992.5749329192945,8
0.2,-3994.1437254311845,8
0.2,-3992.39949194975,8
0.2,-3993.7101045361715,8
0.2,-3996.6173861469438,8
0.2,-3996.2167927515848,8
0.2,-3991.378392619725,8
0.2,-3996.96757143393,8
0.2,-3993.1940612226313,8
0.2,-3998.779985597253,8
0.2,-3989.5659560791223,8
0.2,-3993.4440551868533,8
0.2,-3992.92371784497,8
0.2,-4001.907950775683,8
0.2,-3996.2738567586553,8
0.2,-3992.7918556326676,8
0.2,-3995.3553689351297,8
0.2,-3992.5951906882424,8
0.2,-3993.130805737035,8
0.2,-3993.137986923928,8
0.2,-3995.406745203387,8
0.2,-3991.578373047651,8
0.2,-3993.732574513589,8
0.2,-3991.4204533270913,8
0.2,-3995.067582435367,8
0.2,-3995.5816931162108,8
0.2,-3992.462491500131,8
0.2,-3995.4326989067936,8
0.2,-3994.2262723050776,8
0.2,-3997.3992215564776,8
0.2,-3998.362338139707,8
0.2,-3995.4479325841744,8
0.2,-3990.675905626347,8
0.2,-3992.6667266854765,8
0.2,-3997.821439998672,8
0.2,-3997.179946781333,8
0.2,-4000.964841878419,8
0.2,-3995.1950856017543,8
0.2,-3991.4150422450125,8
0.2,-3988.2814293544498,8
0.2,-3993.4443458733467,8
0.2,-3993.0548581496296,8
0.2,-3992.7772770295674,8
0.2,-3992.555115883761,8
0.2,-4000.069972508548,8
0.2,-3994.2107523542472,8
0.2,-3992.076177572574,8
0.2,-3992.342085709845,8
0.2,-3994.9898381041485,8
0.2,-3995.524359292186,8
0.2,-3991.930173218198,8
0.2,-3992.816772214923,8
0.2,-3991.840069198451,8
0.2,-3993.3132221543615,8
0.2,-3992.4295572394744,8
0.2,-4002.3447312451153,8
0.2,-3993.4585217711797,8
0.2,-3995.123943181611,8
0.2,-4003.674015256706,8
0.2,-4004.822995071801,8
0.2,-3991.0088572984873,8
0.2,-3992.2571758722265,8
0.2,-3991.7443843964866,8
0.2,-3998.886023544047,8
0.2,-3993.5826437292935,8
0.2,-4002.8402674008294,8
0.2,-3993.094905901847,8
0.2,-3993.8891948574988,8
0.2,-3990.9273825292285,8
0.2,-3999.1213604950576,8
0.2,-3994.3320643658785,8
0.2,-3996.1559230359308,8
0.2,-3993.164163949324,8
0.2,-3993.5564735359303,8
0.2,-3993.0525805842676,8
0.2,-4002.2967140165615,8
0.2,-3995.2820029677537,8
0.2,-3995.91386286113,8
0.2,-3997.4488761479397,8
0.2,-3992.480224103911,8
0.2,-3995.2544823365333,8
0.2,-4006.058021149002,8
0.2,-3998.22803863887,8
0.2,-3992.3363671791935,8
0.2,-3993.364797895473,8
0.2,-3993.2783200609138,8
0.2,-3993.851372120804,8
0.2,-4001.8895536259024,8
0.2,-3996.446117330485,8
0.2,-3993.7515073151953,8
0.2,-3989.696287322775,8
0.2,-3992.9425629514,8
0.2,-3996.3263871078993,8
0.2,-3995.8857451558347,8
0.2,-4011.7426818577533,8
0.2,-3995.9049753999975,8
0.2,-3993.3395400933928,8
0.2,-3997.192275243314,8
0.2,-3995.488692800096,8
0.2,-3991.2186432101635,8
0.2,-3998.4574190446037,8
0.3,-4005.0293309331946,8
0.3,-3988.6629871125087,8
0.3,-3990.099047847661,8
0.3,-3991.9845359761507,8
0.3,-3993.7425144832055,8
0.3,-3999.190294350097,8
0.3,-3991.8900109547444,8
0.3,-3991.8776295996217,8
0.3,-3991.2350383858316,8
0.3,-3990.277248425093,8
0.3,-3995.284768710577,8
0.3,-3994.521774729069,8
0.3,-4001.746141484487,8
0.3,-3989.6820091017325,8
0.3,-3996.1928676890675,8
0.3,-3994.119156304046,8
0.3,-3993.65387117901,8
0.3,-3993.053479842244,8
0.3,-3996.211150489179,8
0.3,-3993.89068261457,8
0.3,-3997.8810439810145,8
0.3,-3991.6606691732377,8
0.3,-4010.20260290211,8
0.3,-3993.782614719878,8
0.3,-3996.570156710709,8
0.3,-3992.9000006074602,8
0.3,-3993.19822330133,8
0.3,-3991.4559237722874,8
0.3,-3991.057024623452,8
0.3,-3990.677392023537,8
0.3,-3993.4892849439293,8
0.3,-3989.1457910901377,8
0.3,-4010.0027389037573,8
0.3,-3991.367710372137,8
0.3,-3991.5015435239025,8
0.3,-3993.0984012803283,8
0.3,-3991.7320076553424,8
0.3,-3995.9604737181585,8
0.3,-4005.049436264708,8
0.3,-3992.4256144631036,8
0.3,-3996.8743925092,8
0.3,-3989.657298014319,8
0.3,-3992.503126375163,8
0.3,-3995.346848422152,8
0.3,-3993.994602227544,8
0.3,-3991.701714775455,8
0.3,-3993.479004495502,8
0.3,-3992.397642447779,8
0.3,-3991.674588875734,8
0.3,-3993.4541617672367,8
0.3,-4002.0524320861537,8
0.3,-3993.6701834124306,8
0.3,-3997.5248688348347,8
0.3,-3990.974935478236,8
0.3,-3992.1266619679454,8
0.3,-3991.5385130327045,8
0.3,-3992.132450438338,8
0.3,-3989.9293320984857,8
0.3,-3995.7844777390983,8
0.3,-4005.716032495652,8
0.3,-3996.1878874055224,8
0.3,-3992.592553501789,8
0.3,-3992.234494072721,8
0.3,-3994.8599952327863,8
0.3,-4002.9829089248597,8
0.3,-3992.2796672446816,8
0.3,-3993.419827489325,8
0.3,-3992.5750508903284,8
0.3,-3991.3505976599754,8
0.3,-3992.5762083981904,8
0.3,-3997.5666258664223,8
0.3,-3990.3704768461976,8
0.3,-3991.250597983599,8
0.3,-3993.799797071487,8
0.3,-3993.7040179860323,8
0.3,-3992.4409747412096,8
0.3,-4001.5818372960557,8
0.3,-3991.369145903934,8
0.3,-3987.054249398297,8
0.3,-3990.465450449778,8
0.3,-3995.3509986372096,8
0.3,-3992.6313584258105,8
0.3,-3996.806048269913,8
0.3,-3990.6442830379297,8
0.3,-3991.936832191263,8
0.3,-3992.718267085115,8
0.3,-3994.5875296226527,8
0.3,-3995.679828187117,8
0.3,-3996.248333235392,8
0.3,-3992.3871522160357,8
0.3,-4002.5985955618744,8
0.3,-4006.592803608752,8
0.3,-3996.7032060511433,8
0.3,-3995.597292010361,8
0.3,-3995.37623694135,8
0.3,-3991.667494808527,8
0.3,-3989.1228336503486,8
0.3,-4002.4637566159063,8
0.3,-3991.176874056383,8
0.3,-3995.529991997535,8
0.4,-3997.889297006398,8
0.4,-4001.767450005628,8
0.4,-4010.8040065353257,8
0.4,-3997.598036411549,8
0.4,-4008.739076777478,8
0.4,-4003.6277493054777,8
0.4,-4001.6242839214133,8
0.4,-3994.793492186335,8
0.4,-3996.7585396345007,8
0.4,-4002.5191881802257,8
0.4,-4003.357994363269,8
0.4,-4002.4108567052112,8
0.4,-4003.77168655087,8
0.4,-4003.8353481017325,8
0.4,-3997.572009899008,8
0.4,-3996.3720989369635,8
0.4,-4002.6618815772354,8
0.4,-4013.3271569673216,8
0.4,-4009.3330138788533,8
0.4,-3991.572385770725,8
0.4,-3994.5289111967236,8
0.4,-3995.247705178763,8
0.4,-3998.91190602372,8
0.4,-3993.1375336593474,8
0.4,-3996.5478238981646,8
0.4,-4000.207665060397,8
0.4,-3999.0311570195922,8
0.4,-4009.8960642747784,8
0.4,-4000.731567731747,8
0.4,-4003.5459614349525,8
0.4,-3999.851979652878,8
0.4,-4001.8865324313383,8
0.4,-3996.5705648763055,8
0.4,-4008.0379273167987,8
0.4,-3998.343682389087,8
0.4,-3997.417957038891,8
0.4,-4004.7581071630457,8
0.4,-4019.47603560352,8
0.4,-4002.8017519695304,8
0.4,-3991.1712072301507,8
0.4,-3995.907945840482,8
0.4,-3996.131190107902,8
0.4,-4002.6925240645437,8
0.4,-4004.723125969381,8
0.4,-3992.7433693390685,8
0.4,-4005.1553779266133,8
0.4,-3997.479990831454,8
0.4,-3997.1911795052697,8
0.4,-4003.310700404142,8
0.4,-4003.0740926447857,8
0.4,-3994.2923356598744,8
0.4,-4001.7519948364798,8
0.4,-4001.7721788024623,8
0.4,-3997.65084710234,8
0.4,-4000.9106586093994,8
0.4,-4003.8225762928187,8
0.4,-3996.74047908021,8
0.4,-3999.5342312357016,8
0.4,-3992.1877463302358,8
0.4,-4010.0329282953753,8
0.4,-4009.849157938839,8
0.4,-4004.187323260727,8
0.4,-3997.2829257421345,8
0.4,-4002.020399204886,8
0.4,-3994.036298243029,8
0.4,-3995.4636419157673,8
0.4,-4005.078530350112,8
0.4,-3999.2533948651403,8
0.4,-3991.7035640146164,8
0.4,-4014.4017840949564,8
0.4,-3993.0845078449724,8
0.4,-4006.809116688124,8
0.4,-3994.4839793479327,8
0.4,-4013.651407083222,8
0.4,-4002.0288972925214,8
0.4,-3996.3264218993118,8
0.4,-4001.0973669949026,8
0.4,-3995.408449244276,8
0.4,-3996.7282383536954,8
0.4,-3993.8323209411774,8
0.4,-4009.007376580727,8
0.4,-4002.391222583006,8
0.4,-3998.836046346362,8
0.4,-4001.0837273906695,8
0.4,-4001.546613215492,8
0.4,-4013.935290475059,8
0.4,-3996.4957767662195,8
0.4,-3995.473137128827,8
0.4,-3998.3375498547553,8
0.4,-3996.6593422466954,8
0.4,-3994.546535221364,8
0.4,-3996.7377092608417,8
0.4,-3997.792893943265,8
0.4,-4001.933422628478,8
0.4,-3995.4741349276915,8
0.4,-3997.805647318676,8
0.4,-3994.8922289621023,8
0.4,-3993.2361939098637,8
0.4,-4006.6492679722073,8
0.4,-3997.9438301122455,8
0.5,-3996.333354676991,8
0.5,-3992.066332094417,8
0.5,-4006.8550425420963,8
0.5,-4000.9461338843125,8
0.5,-3989.595602915524,8
0.5,-3994.1207655709545,8
0.5,-4001.9662364223786,8
0.5,-3993.7926852322844,8
0.5,-4005.305784992678,8
0.5,-3998.1176568107135,8
0.5,-3998.596826876387,8
0.5,-3999.7502030685328,8
0.5,-4001.5753347925433,8
0.5,-3992.0370081330348,8
0.5,-4001.4879138240544,8
0.5,-4003.771892292688,8
0.5,-3995.593793556813,8
0.5,-3995.7259271163434,8
0.5,-3996.082242366153,8
0.5,-4006.706177055277,8
0.5,-3993.898078421163,8
0.5,-3996.8675634132237,8
0.5,-3992.6624868756066,8
0.5,-4003.170472016288,8
0.5,-3990.9544323738082,8
0.5,-3992.354592479009,8
0.5,-3993.5769838791944,8
0.5,-3990.7576208268024,8
0.5,-4002.997230302271,8
0.5,-4007.0152763421183,8
0.5,-4005.1083501785297,8
0.5,-4007.264057298593,8
0.5,-4004.109098652538,8
0.5,-3997.9551319453617,8
0.5,-3987.4429396633514,8
0.5,-3994.6664921598767,8
0.5,-4000.776810154116,8
0.5,-3993.1817086885358,8
0.5,-3998.035036799151,8
0.5,-3990.304165724169,8
0.5,-3992.5579453281557,8
0.5,-4011.9130504206214,8
0.5,-3994.8205586377553,8
0.5,-3992.9898695907577,8
0.5,-3993.2682365346145,8
0.5,-3996.910164424297,8
0.5,-3996.286490729767,8
0.5,-3994.009011435347,8
0.5,-3995.7866843576826,8
0.5,-4001.3937823479923,8
0.5,-4002.1801003502824,8
0.5,-4003.676826743907,8
0.5,-4003.2662559973096,8
0.5,-4004.6128257725018,8
0.5,-4004.0049579112174,8
0.5,-3996.093817042976,8
0.5,-3999.012240227051,8
0.5,-3995.8314150620304,8
0.5,-3999.4022440604354,8
0.5,-3995.6982148287816,8
0.5,-4004.0389113505007,8
0.5,-3990.6702306563657,8
0.5,-4001.303199960129,8
0.5,-3994.325556290589,8
0.5,-4014.311424475716,8
0.5,-3997.5565603450013,8
0.5,-3996.235857085483,8
0.5,-4013.290844408224,8
0.5,-3993.6865455571424,8
0.5,-3990.9491032362826,8
0.5,-3990.191236353296,8
0.5,-4002.246481614296,8
0.5,-3993.3220051308326,8
0.5,-3992.7308479622525,8
0.5,-4004.5611015199347,8
0.5,-3993.1050756414193,8
0.5,-3990.6727274403247,8
0.5,-4000.907262842599,8
0.5,-4005.3833297650053,8
0.5,-4002.9834031471014,8
0.5,-4000.5549493189733,8
0.5,-3994.401756387629,8
0.5,-3994.1687604992485,8
0.5,-3994.314496922057,8
0.5,-3993.518581949822,8
0.5,-3997.982909369145,8
0.5,-3999.449304235338,8
0.5,-4005.959229166768,8
0.5,-3996.157231995783,8
0.5,-4001.1795161856194,8
0.5,-3994.1807108216276,8
0.5,-3995.664996443467,8
0.5,-3999.4377240143403,8
0.5,-3996.172214718404,8
0.5,-4006.6357543169347,8
0.5,-4000.3445134523126,8
0.5,-3998.2066660826317,8
0.5,-4000.0051094154596,8
0.5,-3993.588053081272,8
0.5,-3989.1686575504136,8
0.6,-4000.354140580067,8
0.6,-3999.301103680659,8
0.6,-3993.51514098376,8
0.6,-3997.59011147935,8
0.6,-4005.946755367681,8
0.6,-3994.368471254837,8
0.6,-4001.459543551589,8
0.6,-3998.640232315856,8
0.6,-3999.403077894815,8
0.6,-3992.393607818232,8
0.6,-3998.180536871698,8
0.6,-3992.910246977883,8
0.6,-3993.34316898955,8
0.6,-4002.9011963699736,8
0.6,-4000.75385759971,8
0.6,-4000.4879117128876,8
0.6,-3993.9521861757926,8
0.6,-3998.678085161096,8
0.6,-3995.191259843735,8
0.6,-3997.2847292126494,8
0.6,-3994.906864223494,8
0.6,-3989.8573809932864,8
0.6,-4003.908377791047,8
0.6,-4013.8612321036676,8
0.6,-3996.372771704995,8
0.6,-4004.745435887832,8
0.6,-3993.1988698565483,8
0.6,-3993.3845352464164,8
0.6,-3993.3011544926135,8
0.6,-4000.289912812673,8
0.6,-4006.778424082798,8
0.6,-3988.9655365987946,8
0.6,-3992.439168167783,8
0.6,-3994.9989597930917,8
0.6,-4010.3725529443573,8
0.6,-3991.915708470914,8
0.6,-4000.1985824574303,8
0.6,-3996.570383010885,8
0.6,-3994.4141219638727,8
0.6,-3991.1083829272015,8
0.6,-3998.934144149143,8
0.6,-3992.7739913206424,8
0.6,-3993.3208161720772,8
0.6,-4000.731920174355,8
0.6,-3999.394530374293,8
0.6,-4003.620698704929,8
0.6,-3998.654791202327,8
0.6,-4002.350173746178,8
0.6,-3996.8757315190173,8
0.6,-3995.8938800398,8
0.6,-4001.024695348635,8
0.6,-3993.997692156038,8
0.6,-3990.5526872406417,8
0.6,-3996.4344027641546,8
0.6,-3996.7450718301616,8
0.6,-3991.9045235226527,8
0.6,-3994.415552591404,8
0.6,-4002.0630310137067,8
0.6,-3994.5678170204487,8
0.6,-3997.196694165351,8
0.6,-3995.407963834293,8
0.6,-3994.067249564889,8
0.6,-3987.6775409039774,8
0.6,-4008.5786858857855,8
0.6,-3999.2440609802343,8
0.6,-3994.793681785375,8
0.6,-4005.234852981,8
0.6,-3994.6394594198764,8
0.6,-3995.321743227775,8
0.6,-3997.592219185763,8
0.6,-3993.16119215318,8
0.6,-3994.154891967663,8
0.6,-3993.5200951741454,8
0.6,-3996.8202821015734,8
0.6,-3993.004722852445,8
0.6,-3990.5724296007033,8
0.6,-4012.671932368829,8
0.6,-3994.982321790529,8
0.6,-4008.743850201653,8
0.6,-3994.820759988285,8
0.6,-3991.1034674613497,8
0.6,-3996.984359389541,8
0.6,-4011.9660901254856,8
0.6,-3994.423681285066,8
0.6,-3991.3804194573486,8
0.6,-3995.255726206925,8
0.6,-3998.348226367472,8
0.6,-3996.0689912772723,8
0.6,-3998.9264197049106,8
0.6,-4002.1997570764747,8
0.6,-4003.7662521228067,8
0.6,-4005.3643089463235,8
0.6,-3997.9385768913075,8
0.6,-3996.4950126259764,8
0.6,-3992.350851539316,8
0.6,-3993.9990121454807,8
0.6,-3994.111061613825,8
0.6,-4000.7790575915706,8
0.6,-3993.6878470797633,8
0.6,-3994.5259375893506,8
0.7,-4001.578736144889,8
0.7,-3994.981122231967,8
0.7,-3991.6699010465063,8
0.7,-4008.254181966387,8
0.7,-3992.387482589008,8
0.7,-3992.929428343594,8
0.7,-4001.653135933092,8
0.7,-4008.502872697214,8
0.7,-4003.0740419101003,8
0.7,-3988.4483405717615,8
0.7,-3992.2254774811554,8
0.7,-3993.205381387215,8
0.7,-4000.3638375650935,8
0.7,-4004.672613842343,8
0.7,-4000.966542771003,8
0.7,-3994.374233990325,8
0.7,-3996.9286503534913,8
0.7,-3994.8264566736834,8
0.7,-4002.7159649060104,8
0.7,-3990.3936281411015,8
0.7,-3993.844034894854,8
0.7,-3993.276200925133,8
0.7,-3990.855239649335,8
0.7,-3999.3261720567602,8
0.7,-3997.051823241303,8
0.7,-3999.0334186969403,8
0.7,-3995.2674770221315,8
0.7,-3997.5858354510005,8
0.7,-3994.3939367629623,8
0.7,-3990.8406588859834,8
0.7,-3997.2862514864246,8
0.7,-4001.644285775027,8
0.7,-3993.078696679891,8
0.7,-3993.0227247783732,8
0.7,-3997.3787463189165,8
0.7,-3993.8685216832764,8
0.7,-3998.652006095935,8
0.7,-3995.362105148319,8
0.7,-3995.186881129303,8
0.7,-3996.211679717345,8
0.7,-3994.9400727717966,8
0.7,-3990.4628714489877,8
0.7,-3995.9531078274767,8
0.7,-3988.5085029936945,8
0.7,-3991.13643723489,8
0.7,-3996.9833032614615,8
0.7,-4000.611387889974,8
0.7,-3990.243253091632,8
0.7,-3991.224016153821,8
0.7,-3996.0578337336974,8
0.7,-3988.6060093988317,8
0.7,-3992.9242828950532,8
0.7,-3994.899491059141,8
0.7,-4001.683882484123,8
0.7,-4001.1919590007556,8
0.7,-3990.964357205253,8
0.7,-3995.9392720886863,8
0.7,-3994.2308882347975,8
0.7,-3991.5781907466,8
0.7,-4003.6818795445956,8
0.7,-3992.6062220394065,8
0.7,-3993.6967761795004,8
0.7,-3993.2737585374202,8
0.7,-3993.741914560027,8
0.7,-3999.9735914347084,8
0.7,-3993.4696229934684,8
0.7,-3994.484286392211,8
0.7,-4008.728364801461,8
0.7,-3991.2652537711133,8
0.7,-4004.1665265077754,8
0.7,-3992.7464189839375,8
0.7,-3998.6722715983383,8
0.7,-3990.2188725647993,8
0.7,-3994.2870776720188,8
0.7,-3996.847189136621,8
0.7,-3994.450180056049,8
0.7,-3995.7689814046007,8
0.7,-4005.7446044772173,8
0.7,-3995.4908465317335,8
0.7,-3989.242805865647,8
0.7,-3994.4775158753664,8
0.7,-3992.578505516587,8
0.7,-3993.2550714490817,8
0.7,-3994.4210258598177,8
0.7,-3996.07253209875,8
0.7,-4005.9531384329694,8
0.7,-4003.389884487192,8
0.7,-3993.4189600302407,8
0.7,-3996.29713760743,8
0.7,-3993.389939220655,8
0.7,-3992.0971234318167,8
0.7,-3992.1600323764483,8
0.7,-4003.6629324106384,8
0.7,-3999.302556566452,8
0.7,-3998.367365215294,8
0.7,-3996.4738805282454,8
0.7,-4002.8327258508234,8
0.7,-3997.3041723831175,8
0.7,-3999.148999561471,8
0.7,-3995.7930052275165,8
0.8,-4002.465123094648,8
0.8,-3997.8265492020855,8
0.8,-4016.0836768733234,8
0.8,-3994.770817810072,8
0.8,-4000.557313513428,8
0.8,-4002.3582905593144,8
0.8,-4006.9996055070137,8
0.8,-3996.280557015446,8
0.8,-4000.149149587296,8
0.8,-3998.559424445054,8
0.8,-4013.5482512451617,8
0.8,-3998.205484643473,8
0.8,-3993.8100526842863,8
0.8,-3991.5026917349073,8
0.8,-4000.477299572794,8
0.8,-4009.095355044105,8
0.8,-3993.1169070906026,8
0.8,-4005.9553963929047,8
0.8,-4010.114127894742,8
0.8,-4001.0037401094155,8
0.8,-3997.4062276119416,8
0.8,-3991.634989410978,8
0.8,-4007.1444023302433,8
0.8,-3997.409857692313,8
0.8,-4004.9550602717445,8
0.8,-4008.5894320574766,8
0.8,-3992.803998396375,8
0.8,-4007.8897795525554,8
0.8,-3992.524491154374,8
0.8,-3998.393079352152,8
0.8,-3995.214815306478,8
0.8,-4000.9615167807556,8
0.8,-4001.0030504006877,8
0.8,-4002.758462555673,8
0.8,-3995.6709818943855,8
0.8,-4009.7825962033057,8
0.8,-4002.519922518627,8
0.8,-4000.060816202449,8
0.8,-4004.3668359790377,8
0.8,-3996.2791125085246,8
0.8,-4000.1654409878147,8
0.8,-4000.2556408284004,8
0.8,-3992.6766238173636,8
0.8,-4016.9519623221895,8
0.8,-4004.201690266501,8
0.8,-3997.7892251659873,8
0.8,-4008.0064479363677,8
0.8,-3991.008326241988,8
0.8,-3993.241488660856,8
0.8,-3993.423182979256,8
0.8,-3992.3632670444495,8
0.8,-4002.690904167011,8
0.8,-4008.7296852115055,8
0.8,-4005.1817146797384,8
0.8,-4004.9692690012876,8
0.8,-3997.1658938498917,8
0.8,-4010.360109997995,8
0.8,-4004.750024354966,8
0.8,-4007.401702129601,8
0.8,-3998.0482442443026,8
0.8,-3993.4021704482534,8
0.8,-3994.797426622501,8
0.8,-3994.95509599416,8
0.8,-3998.7505121398026,8
0.8,-3992.501909965659,8
0.8,-4002.610239538599,8
0.8,-3992.742017344166,8
0.8,-3992.401754517231,8
0.8,-3998.7683945745557,8
0.8,-4006.4190944450484,8
0.8,-3998.31334133505,8
0.8,-4006.67169947201,8
0.8,-4008.2648824214384,8
0.8,-3999.3706526479746,8
0.8,-4008.2711861396883,8
0.8,-4009.8935143674435,8
0.8,-4005.0469854817784,8
0.8,-4010.9840511482353,8
0.8,-4004.7095904417165,8
0.8,-3995.213878266179,8
0.8,-4001.468201585697,8
0.8,-4000.2210528406144,8
0.8,-3999.451241791406,8
0.8,-3994.4413576156526,8
0.8,-4009.9460515844426,8
0.8,-4003.376659467495,8
0.8,-3996.9221344493417,8
0.8,-4003.8622877015646,8
0.8,-3997.0495310943866,8
0.8,-4012.8965540875256,8
0.8,-4007.9332483794637,8
0.8,-4013.6053033249095,8
0.8,-4007.797995029195,8
0.8,-4003.398795462618,8
0.8,-3994.0704062967375,8
0.8,-3994.9997656498717,8
0.8,-4007.5604996699967,8
0.8,-3994.637153083533,8
0.8,-4006.3370876715826,8
0.8,-4018.3573637984746,8
0.9,-3991.4870047884724,8
0.9,-3998.482736921443,8
0.9,-3988.3301321691406,8
0.9,-3993.190307554469,8
0.9,-4001.6616867291978,8
0.9,-3998.292198008661,8
0.9,-3995.8672488232655,8
0.9,-3993.2931455593416,8
0.9,-3997.591865352796,8
0.9,-3995.6490647993733,8
0.9,-3991.9701598236675,8
0.9,-3991.254865492064,8
0.9,-3990.6124897916834,8
0.9,-3992.78297638212,8
0.9,-3992.2809701929596,8
0.9,-3991.0961991375816,8
0.9,-3991.7130494918365,8
0.9,-3992.762919780099,8
0.9,-3991.4350364998686,8
0.9,-3995.08797447632,8
0.9,-3994.968510199664,8
0.9,-3989.669280286201,8
0.9,-3994.7737783623948,8
0.9,-3995.816382045641,8
0.9,-3990.8715843726745,8
0.9,-3992.283625225017,8
0.9,-4003.3118311276025,8
0.9,-3993.7629489551473,8
0.9,-3989.6330080178495,8
0.9,-3994.2052078134275,8
0.9,-3994.6387755166256,8
0.9,-4001.8036391315304,8
0.9,-3994.1205302633966,8
0.9,-3996.3380167438213,8
0.9,-3992.620356913331,8
0.9,-3991.1270861511193,8
0.9,-3992.418142228907,8
0.9,-3994.98309123706,8
0.9,-3996.621491810114,8
0.9,-3996.5772023707564,8
0.9,-3993.3577866365,8
0.9,-3994.6439812886942,8
0.9,-3989.397925710354,8
0.9,-3990.4778380613766,8
0.9,-3995.4929976174517,8
0.9,-3990.7912578902506,8
0.9,-3992.239819318312,8
0.9,-3988.3377805414034,8
0.9,-3994.3974773326795,8
0.9,-3997.0252612527743,8
0.9,-3995.180064951773,8
0.9,-3994.752884063798,8
0.9,-3996.0403636459255,8
0.9,-3996.0768997275704,8
0.9,-3994.8112682789597,8
0.9,-3992.2122504445233,8
0.9,-3989.7888262194197,8
0.9,-3997.8233646114945,8
0.9,-3992.152462372269,8
0.9,-3991.2181264257656,8
0.9,-3987.305487239808,8
0.9,-3996.8446712401765,8
0.9,-3992.337149377703,8
0.9,-3995.0081075520284,8
0.9,-3993.021965090307,8
0.9,-3993.700819085605,8
0.9,-3998.91422502305,8
0.9,-3989.48277890939,8
0.9,-3998.8711491540516,8
0.9,-3994.2411971022184,8
0.9,-3997.388047850979,8
0.9,-3990.199176374982,8
0.9,-3994.2652101353124,8
0.9,-3997.8483961285756,8
0.9,-3994.675924335506,8
0.9,-3991.882196460965,8
0.9,-3993.7338470169107,8
0.9,-3993.9232872175094,8
0.9,-3993.829165730346,8
0.9,-3993.4469315063443,8
0.9,-3992.585353914794,8
0.9,-3993.5834199869914,8
0.9,-3993.5521108430294,8
0.9,-3994.4096198216685,8
0.9,-4002.1075531153447,8
0.9,-3993.0447753243634,8
0.9,-3993.349061817835,8
0.9,-3990.4211424515906,8
0.9,-3993.826443116304,8
0.9,-3997.529163878976,8
0.9,-3991.9791838287833,8
0.9,-3995.3047972303607,8
0.9,-3990.3088545407277,8
0.9,-3991.022486521502,8
0.9,-3997.1941426125263,8
0.9,-3992.0451162033028,8
0.9,-3999.322093565727,8
0.9,-3993.3461440295127,8
0.9,-3990.456915237931,8
0.9,-3999.88904571194,8
1.0,-3989.484190529764,8
1.0,-3996.9316041856778,8
1.0,-3996.6232837434823,8
1.0,-3999.444897969946,8
1.0,-3993.0811901530924,8
1.0,-3992.5710612889807,8
1.0,-3998.0330816361416,8
1.0,-4001.9829698920666,8
1.0,-3991.2688228044544,8
1.0,-4000.315399698105,8
1.0,-3992.5484908941935,8
1.0,-3992.7587881424097,8
1.0,-3995.5415869511685,8
1.0,-3992.7763161959974,8
1.0,-3996.1173856931646,8
1.0,-4002.9993083238564,8
1.0,-3991.352087886498,8
1.0,-3997.277050234759,8
1.0,-3990.7194927740684,8
1.0,-3990.9352082206647,8
1.0,-4018.3280237055906,8
1.0,-3993.937127771621,8
1.0,-4001.0231611652766,8
1.0,-4000.9432908374183,8
1.0,-3993.2018103482383,8
1.0,-3999.162684700903,8
1.0,-3994.799013928298,8
1.0,-4000.434782003047,8
1.0,-3999.3498698120447,8
1.0,-3997.7798906302583,8
1.0,-3994.2802714848144,8
1.0,-3991.5623640577087,8
1.0,-3995.0650087587974,8
1.0,-3993.3025122790546,8
1.0,-4013.19370466683,8
1.0,-4009.344521108881,8
1.0,-3997.635337506963,8
1.0,-3999.669291452368,8
1.0,-4002.568631641729,8
1.0,-3991.2922041545753,8
1.0,-3997.800766879746,8
1.0,-4001.346885490434,8
1.0,-3998.0235598814547,8
1.0,-4005.36041725981,8
1.0,-4003.555954688621,8
1.0,-3993.825336463439,8
1.0,-4002.7296205282432,8
1.0,-3999.1598306322553,8
1.0,-3996.6060273455246,8
1.0,-3995.6166772737156,8
1.0,-3996.3896629788724,8
1.0,-3991.978277405869,8
1.0,-3996.181232597712,8
1.0,-3997.507604775395,8
1.0,-3993.3581699661927,8
1.0,-3995.262918995801,8
1.0,-3993.965013512537,8
1.0,-3995.0861356170612,8
1.0,-3993.3772415681997,8
1.0,-3989.08891267137,8
1.0,-3995.608593049035,8
1.0,-3999.3777367772145,8
1.0,-3993.8126471450864,8
1.0,-3991.8940423506683,8
1.0,-4010.5613109718256,8
1.0,-3999.1223824599674,8
1.0,-4007.3060085363986,8
1.0,-3995.8067307428823,8
1.0,-4010.704619780042,8
1.0,-4002.909774262884,8
1.0,-3996.8544668548816,8
1.0,-3996.7964856859985,8
1.0,-3994.1654008019814,8
1.0,-4007.321236314587,8
1.0,-3998.1240099524607,8
1.0,-3991.9113181117373,8
1.0,-3999.068377421338,8
1.0,-4001.0674444733354,8
1.0,-4015.312452181875,8
1.0,-3999.4197693414976,8
1.0,-3993.922846503883,8
1.0,-4009.5571381215027,8
1.0,-4002.6568895883343,8
1.0,-4000.5209886361054,8
1.0,-3995.105015570627,8
1.0,-3995.7292124302357,8
1.0,-3998.0342088846414,8
1.0,-3996.788879850825,8
1.0,-4001.5128446099043,8
1.0,-3999.3450747123006,8
1.0,-4009.729991547623,8
1.0,-3995.643831511893,8
1.0,-3995.0296162402974,8
1.0,-4003.617640784046,8
1.0,-3992.430935134807,8
1.0,-3997.1731751705356,8
1.0,-3995.0016650638036,8
1.0,-3992.6765196102065,8
1.0,-3989.5384439733,8
1.0,-4006.6353636690105,8
0.1,-4001.1752840409936,9
0.1,-3998.736479446269,9
0.1,-3998.8049288643965,9
0.1,-3996.9802693498627,9
0.1,-4001.3521183610046,9
0.1,-4002.6383183962425,9
0.1,-3995.699029172717,9
0.1,-4001.1661596453355,9
0.1,-3999.906349110308,9
0.1,-4001.312652962222,9
0.1,-4000.6677697293844,9
0.1,-3999.575092403115,9
0.1,-3999.856503746281,9
0.1,-3999.914280515399,9
0.1,-3995.7348621355554,9
0.1,-4001.4809884752767,9
0.1,-4010.3304982262453,9
0.1,-4003.5128828058564,9
0.1,-3997.5568071946504,9
0.1,-4000.120250170442,9
0.1,-3998.2499385336887,9
0.1,-3996.4471715360883,9
0.1,-3996.4145972196347,9
0.1,-3996.6860445117923,9
0.1,-4005.264504754524,9
0.1,-3998.559087833522,9
0.1,-3999.9854929117873,9
0.1,-3998.16191092239,9
0.1,-3999.48052321044,9
0.1,-4000.8782486061173,9
0.1,-4009.7876932677705,9
0.1,-4003.2677098102754,9
0.1,-4004.8141746351307,9
0.1,-3999.5442831246546,9
0.1,-3997.3290345146497,9
0.1,-3997.459020553023,9
0.1,-3999.033472153762,9
0.1,-4000.6780029675124,9
0.1,-3999.415845498757,9
0.1,-4003.657614419146,9
0.1,-4000.870307287888,9
0.1,-3999.65583108385,9
0.1,-3998.6095044864096,9
0.1,-3998.88129641469,9
0.1,-3997.7338113696837,9
0.1,-4003.9141237954072,9
0.1,-3999.152947412995,9
0.1,-3998.941118905377,9
0.1,-3998.1977896099797,9
0.1,-3997.9511128049635,9
0.1,-3999.905860357333,9
0.1,-4004.599121854268,9
0.1,-4001.834930667916,9
0.1,-4001.382561544058,9
0.1,-3998.8870118927225,9
0.1,-3999.6303536683404,9
0.1,-3999.8703915715732,9
0.1,-3999.9293920861173,9
0.1,-3998.9802385166404,9
0.1,-4002.5713390171286,9
0.1,-4002.7630499760717,9
0.1,-3998.021863873806,9
0.1,-4002.7292995799257,9
0.1,-3999.433421022581,9
0.1,-3994.9655627510692,9
0.1,-4009.664676618153,9
0.1,-3999.241237501885,9
0.1,-4001.8729473245658,9
0.1,-3998.8449390654264,9
0.1,-4003.317846241283,9
0.1,-4000.2687148674345,9
0.1,-4002.4182914870044,9
0.1,-4001.21477215341,9
0.1,-4004.10178753978,9
0.1,-4001.2621820814393,9
0.1,-3999.0330617439904,9
0.1,-3998.242300635681,9
0.1,-4003.0030978150357,9
0.1,-4000.16668713714,9
0.1,-3993.576108350322,9
0.1,-4001.126383308286,9
0.1,-4000.2169690643473,9
0.1,-4005.4941127609304,9
0.1,-4000.8894046921446,9
0.1,-4000.32179565478,9
0.1,-3996.831729425484,9
0.1,-4002.374351846734,9
0.1,-4001.4811100567836,9
0.1,-4001.462953106075,9
0.1,-4003.633525572564,9
0.1,-3999.7101008222708,9
0.1,-4003.5781459337404,9
0.1,-3998.031342959513,9
0.1,-4008.061514233313,9
0.1,-3999.4694361263487,9
0.1,-3999.2529707710873,9
0.1,-3997.7617370196576,9
0.1,-4002.791068081783,9
0.1,-4003.9901785315706,9
0.1,-3999.699338241985,9
0.2,-4000.2513833409666,9
0.2,-4000.302196251447,9
0.2,-4012.3701323397813,9
0.2,-3998.9220978764297,9
0.2,-4007.417573829162,9
0.2,-4002.312769301205,9
0.2,-4005.0333843361955,9
0.2,-4001.0414366400933,9
0.2,-4002.2800315398376,9
0.2,-3997.649261093068,9
0.2,-3999.9809918005813,9
0.2,-3998.7105427652737,9
0.2,-3998.554362024096,9
0.2,-4000.8689292134563,9
0.2,-4003.6936368737147,9
0.2,-4014.591160668106,9
0.2,-4003.0153956076365,9
0.2,-3999.850035614255,9
0.2,-3999.3711426789755,9
0.2,-3999.289522627458,9
0.2,-4000.380736825438,9
0.2,-3999.488541842356,9
0.2,-4018.3592548201323,9
0.2,-4001.1329917979306,9
0.2,-4000.9883947439175,9
0.2,-3998.2366461241836,9
0.2,-4006.054479304296,9
0.2,-3999.942007094715,9
0.2,-4003.8415355265693,9
0.2,-4002.079215588623,9
0.2,-4000.950527352503,9
0.2,-4009.2318188083696,9
0.2,-4000.2318813868897,9
0.2,-3997.8073696006954,9
0.2,-3998.2222472716912,9
0.2,-4003.3074201671893,9
0.2,-4001.50750319855,9
0.2,-4001.148065757063,9
0.2,-4000.2543449222353,9
0.2,-3999.4661574679862,9
0.2,-3994.796816827091,9
0.2,-3999.0701742461747,9
0.2,-4007.0805026252274,9
0.2,-4002.877172499515,9
0.2,-3998.533892113779,9
0.2,-3998.237947087984,9
0.2,-4000.859007843373,9
0.2,-4001.7407579081523,9
0.2,-4004.339337275128,9
0.2,-4000.1068398349144,9
0.2,-3996.644024922806,9
0.2,-4015.9898920597507,9
0.2,-4005.788763339392,9
0.2,-4002.5025974192877,9
0.2,-3999.103025461519,9
0.2,-4002.2987925235816,9
0.2,-3999.4769952610623,9
0.2,-4011.3094911571266,9
0.2,-3996.721574202916,9
0.2,-4001.568401687208,9
0.2,-4006.912291636438,9
0.2,-4011.8520298992344,9
0.2,-4002.9323846065186,9
0.2,-3997.518395228286,9
0.2,-3998.722989250094,9
0.2,-4000.565070073165,9
0.2,-4006.175395574554,9
0.2,-4003.6302087904583,9
0.2,-3999.027010724759,9
0.2,-4001.9443066011295,9
0.2,-4001.5338771059473,9
0.2,-3997.468566194228,9
0.2,-4005.1897590497674,9
0.2,-4002.646032490701,9
0.2,-4010.7556995033497,9
0.2,-4000.6089946729353,9
0.2,-3997.7264189575003,9
0.2,-4001.143990741314,9
0.2,-4002.1754508380336,9
0.2,-3999.6434818926773,9
0.2,-3997.93626387621,9
0.2,-4000.785912473322,9
0.2,-3999.539085968641,9
0.2,-3999.5576992610204,9
0.2,-4001.3930285425304,9
0.2,-4002.608207436896,9
0.2,-3997.2907928575587,9
0.2,-4000.5549446907917,9
0.2,-4004.37487772394,9
0.2,-3998.947974928617,9
0.2,-4000.4917916971194,9
0.2,-4005.410911538685,9
0.2,-4001.230145883241,9
0.2,-4002.2354489603317,9
0.2,-3999.78473117878,9
0.2,-3999.362392599353,9
0.2,-4002.6868941671382,9
0.2,-3998.8660365804612,9
0.2,-4000.6041542701455,9
0.2,-4000.5651079896325,9
0.3,-3999.064528004126,9
0.3,-3999.7819253503544,9
0.3,-4002.5227222670483,9
0.3,-3999.537409829269,9
0.3,-3998.742255220451,9
0.3,-3999.2442446504647,9
0.3,-3992.036246706404,9
0.3,-3998.7470499713886,9
0.3,-3997.8250738207507,9
0.3,-3997.997003519306,9
0.3,-4000.305917973459,9
0.3,-3999.304142479812,9
0.3,-4003.0908686548905,9
0.3,-4002.37792114921,9
0.3,-4005.5128882180297,9
0.3,-4007.716642956464,9
0.3,-4000.7029604322024,9
0.3,-4000.0874166372805,9
0.3,-4001.2642082892125,9
0.3,-4001.3454088552676,9
0.3,-4001.8578424408606,9
0.3,-3999.126759389774,9
0.3,-3999.1252208011883,9
0.3,-3999.5988493678983,9
0.3,-4001.454061964518,9
0.3,-3997.8185550678418,9
0.3,-3997.023310694747,9
0.3,-3999.8012568481586,9
0.3,-3999.5767458766995,9
0.3,-3995.994253652643,9
0.3,-3997.6876575555148,9
0.3,-4001.047084759769,9
0.3,-4000.9747484426057,9
0.3,-3998.368594795284,9
0.3,-3998.2023104787036,9
0.3,-4000.982946924092,9
0.3,-3996.424599071134,9
0.3,-4000.1334036000603,9
0.3,-4000.2493922311196,9
0.3,-4001.3107948647976,9
0.3,-4002.7971490264867,9
0.3,-3998.380768710386,9
0.3,-3991.661114198645,9
0.3,-3999.67080957245,9
0.3,-3997.7326711625738,9
0.3,-3998.3030625999495,9
0.3,-4005.3185130599218,9
0.3,-4003.4102730461223,9
0.3,-3992.6467074779675,9
0.3,-4000.2279405870963,9
0.3,-3999.9437643215615,9
0.3,-4001.0478084724787,9
0.3,-3996.72976763938,9
0.3,-4001.5139633307263,9
0.3,-3994.425191665209,9
0.3,-3996.8053798310348,9
0.3,-4002.159870353548,9
0.3,-3996.837965451546,9
0.3,-3999.8043424963766,9
0.3,-3998.922298784141,9
0.3,-3996.8841451184344,9
0.3,-4000.3933212366805,9
0.3,-3999.996148280458,9
0.3,-4000.0867010466895,9
0.3,-3998.110725988555,9
0.3,-3997.3437904362067,9
0.3,-4000.718362132162,9
0.3,-3998.0700343521185,9
0.3,-3997.9685252997565,9
0.3,-3995.4767344928823,9
0.3,-4002.2446121039516,9
0.3,-3999.2981674889575,9
0.3,-3999.7376704444932,9
0.3,-3995.0490290936104,9
0.3,-4001.9850721824905,9
0.3,-4002.6609744067655,9
0.3,-4000.238656001643,9
0.3,-4003.032197370724,9
0.3,-4012.156079312153,9
0.3,-3998.175015191174,9
0.3,-4003.313436086022,9
0.3,-3996.949249686536,9
0.3,-3999.3639999252537,9
0.3,-3997.203653519129,9
0.3,-3996.7494498655506,9
0.3,-4004.7359924060775,9
0.3,-3999.6810874489943,9
0.3,-4001.1534780974052,9
0.3,-4005.7518058833443,9
0.3,-3997.7987171307063,9
0.3,-4003.243324389032,9
0.3,-3997.3732660880564,9
0.3,-4001.478595038419,9
0.3,-4002.006045366605,9
0.3,-4003.059644468216,9
0.3,-4000.734527014602,9
0.3,-3996.9768446924195,9
0.3,-4002.1813497949897,9
0.3,-4000.601388068667,9
0.3,-4004.5962561279034,9
0.4,-4003.7809662328004,9
0.4,-4004.0010954789645,9
0.4,-4003.223362404876,9
0.4,-4000.342012793868,9
0.4,-4003.333356283687,9
0.4,-3999.52200197266,9
0.4,-4002.6499994143696,9
0.4,-4003.0316684586687,9
0.4,-3994.7479331554955,9
0.4,-4004.403601482239,9
0.4,-4000.208206474563,9
0.4,-3998.8373716694377,9
0.4,-4001.4374090264623,9
0.4,-4000.3475958288545,9
0.4,-3998.9312962412437,9
0.4,-4008.331244476046,9
0.4,-4004.4846539774635,9
0.4,-4003.123022881639,9
0.4,-4004.2719319049056,9
0.4,-4005.036912578914,9
0.4,-4011.1229090013135,9
0.4,-4001.021605570205,9
0.4,-4015.716895552283,9
0.4,-4007.3505115209928,9
0.4,-4006.570955726751,9
0.4,-4005.8756174253217,9
0.4,-4009.074118660398,9
0.4,-4018.403335283111,9
0.4,-3998.1064654922566,9
0.4,-4001.332641102618,9
0.4,-4008.016700160033,9
0.4,-4003.176583948002,9
0.4,-4002.7268160536837,9
0.4,-4002.1634997301076,9
0.4,-4007.559267511953,9
0.4,-4002.874793531205,9
0.4,-4005.016520616679,9
0.4,-4003.527901819212,9
0.4,-4000.0228616379954,9
0.4,-4003.372701263141,9
0.4,-4000.35784342098,9
0.4,-4004.338818284575,9
0.4,-4004.60386399488,9
0.4,-4004.0553888306026,9
0.4,-4001.935653945207,9
0.4,-4001.6958470168597,9
0.4,-4001.6049782663963,9
0.4,-4000.2957542028953,9
0.4,-3997.797281398556,9
0.4,-4002.428187698194,9
0.4,-4006.727080433775,9
0.4,-4015.737288811584,9
0.4,-3997.486441043281,9
0.4,-4004.1307435063854,9
0.4,-4003.5010699755026,9
0.4,-3999.548553589872,9
0.4,-4010.913856697556,9
0.4,-4000.31751867929,9
0.4,-4004.5007987492463,9
0.4,-4001.877181788982,9
0.4,-4007.279255059883,9
0.4,-4005.611704108185,9
0.4,-4004.0602390506447,9
0.4,-4003.7724910288257,9
0.4,-4006.372914587257,9
0.4,-4000.192993575683,9
0.4,-4002.344699639831,9
0.4,-4002.175643632608,9
0.4,-3999.034752597592,9
0.4,-4002.127282768142,9
0.4,-4008.000460436401,9
0.4,-4002.8868560311644,9
0.4,-4007.142179563441,9
0.4,-4000.293187797803,9
0.4,-4000.5689076943722,9
0.4,-4001.535994334913,9
0.4,-4003.8402426004645,9
0.4,-4002.671098049403,9
0.4,-4001.802396066761,9
0.4,-4009.3517530090626,9
0.4,-4007.877540978605,9
0.4,-3999.979206587811,9
0.4,-4005.698270829666,9
0.4,-4003.4432223248464,9
0.4,-4001.877037344837,9
0.4,-4007.7635386396933,9
0.4,-4001.2811925034202,9
0.4,-4002.6657400984172,9
0.4,-4007.1920983851305,9
0.4,-4005.8205627222214,9
0.4,-3997.3862816762467,9
0.4,-4010.547918826863,9
0.4,-4015.123169463391,9
0.4,-4002.684211837174,9
0.4,-4000.309435323021,9
0.4,-4010.2693786128725,9
0.4,-4004.1718868445423,9
0.4,-4004.6809315907562,9
0.4,-4006.716438117575,9
0.4,-4002.3423907927377,9
0.5,-4002.74059526521,9
0.5,-3997.6614276012783,9
0.5,-3999.8982058359657,9
0.5,-4000.7621451131267,9
0.5,-4003.9431515102506,9
0.5,-4001.723655438149,9
0.5,-4000.2109690485763,9
0.5,-4004.437682200643,9
0.5,-4006.7285901808236,9
0.5,-4003.1494171475983,9
0.5,-4000.97792337954,9
0.5,-3995.300039420029,9
0.5,-4003.350683452617,9
0.5,-3998.31324372994,9
0.5,-4000.277721796975,9
0.5,-3999.2019713409686,9
0.5,-3998.788273861963,9
0.5,-4004.696608539613,9
0.5,-3998.588928490644,9
0.5,-4002.3667988632824,9
0.5,-4016.96372734708,9
0.5,-4007.5696857910784,9
0.5,-4008.195593809871,9
0.5,-4000.2297210960132,9
0.5,-3996.7740244363276,9
0.5,-3999.3390064075265,9
0.5,-4003.0624838651456,9
0.5,-4002.264775959114,9
0.5,-3998.481210821195,9
0.5,-4002.432878631031,9
0.5,-4001.7815636562514,9
0.5,-4011.5253644747804,9
0.5,-3999.7913317206844,9
0.5,-4002.247632876989,9
0.5,-3999.0136767590348,9
0.5,-4004.012135975554,9
0.5,-4001.4847358977227,9
0.5,-3999.0136833671286,9
0.5,-4001.699133345173,9
0.5,-4000.8408529827357,9
0.5,-3995.5225199621186,9
0.5,-4002.339316968332,9
0.5,-4008.2655051123193,9
0.5,-3998.423114053153,9
0.5,-3995.97773625826,9
0.5,-4002.6944484218857,9
0.5,-4005.6757003926054,9
0.5,-4003.7877399417507,9
0.5,-4009.070915571983,9
0.5,-3996.7095844753267,9
0.5,-4015.1344428533366,9
0.5,-4002.634252482506,9
0.5,-4011.4961374346467,9
0.5,-3998.793467348012,9
0.5,-3994.9037650582122,9
0.5,-3998.822889946346,9
0.5,-4001.679409688364,9
0.5,-3999.8654562709576,9
0.5,-4002.660769672625,9
0.5,-3998.2465508255127,9
0.5,-3999.2473205540227,9
0.5,-4003.3239476162994,9
0.5,-3998.8034820281196,9
0.5,-3995.573721728487,9
0.5,-4004.8980943222477,9
0.5,-4001.3818714003105,9
0.5,-4005.5884740157126,9
0.5,-4002.9970513682397,9
0.5,-4002.6063763173697,9
0.5,-3998.908430827544,9
0.5,-4010.567288269688,9
0.5,-3997.47012835034,9
0.5,-4000.529224640571,9
0.5,-4004.7453814917008,9
0.5,-4002.9005145614615,9
0.5,-4000.637239611596,9
0.5,-4003.0923180158416,9
0.5,-4001.800980365636,9
0.5,-4002.921814226617,9
0.5,-3996.8384714762506,9
0.5,-4003.6728503177455,9
0.5,-4002.326572758462,9
0.5,-4005.044526306395,9
0.5,-4007.7362068974494,9
0.5,-3999.63590415612,9
0.5,-4005.1775394247693,9
0.5,-4000.973288930184,9
0.5,-4004.1459503710817,9
0.5,-3996.643755442766,9
0.5,-3999.0855036142752,9
0.5,-3996.5919559462286,9
0.5,-3999.873498731772,9
0.5,-4004.1114590471448,9
0.5,-4000.168022160979,9
0.5,-4001.0719855765155,9
0.5,-4006.1812575448926,9
0.5,-4005.8512554304693,9
0.5,-4000.2801561725155,9
0.5,-4005.4485423458605,9
0.5,-4001.9091992245267,9
0.6,-4000.8618136917157,9
0.6,-3998.971422972805,9
0.6,-4000.9783196599356,9
0.6,-4001.884702558873,9
0.6,-3999.339849423817,9
0.6,-4005.615658255052,9
0.6,-3999.438550680629,9
0.6,-3998.4413711361617,9
0.6,-4002.8692718434454,9
0.6,-4004.310310664716,9
0.6,-3996.496505046098,9
0.6,-4006.0978410996654,9
0.6,-4002.5329858203254,9
0.6,-4006.2254108153875,9
0.6,-4001.203206703018,9
0.6,-4001.3810834874607,9
0.6,-4006.072443436263,9
0.6,-4003.880385005053,9
0.6,-3999.4102510529374,9
0.6,-4002.050235808804,9
0.6,-3997.6150870099727,9
0.6,-4001.018967489057,9
0.6,-4002.2213374182384,9
0.6,-4013.826203833569,9
0.6,-4002.0162868598914,9
0.6,-4005.26551924033,9
0.6,-4004.3878563132475,9
0.6,-3996.619206512499,9
0.6,-3999.4422749660635,9
0.6,-3998.4212356214503,9
0.6,-3998.1493764207303,9
0.6,-4009.1167305844265,9
0.6,-4005.5955728061444,9
0.6,-3999.0775994853434,9
0.6,-4001.3610372458693,9
0.6,-3999.8323830062686,9
0.6,-4000.6022435323252,9
0.6,-4007.642827732176,9
0.6,-4017.1225853505985,9
0.6,-4000.777758353361,9
0.6,-4000.837688018833,9
0.6,-4007.375491065962,9
0.6,-3999.461375386594,9
0.6,-4001.3624603322423,9
0.6,-3997.0909121187083,9
0.6,-3999.5435468408273,9
0.6,-4003.719998057384,9
0.6,-3999.506284985737,9
0.6,-4006.0501936486867,9
0.6,-4003.0065244712873,9
0.6,-4002.5779614393937,9
0.6,-3999.3954936905952,9
0.6,-4004.342269437675,9
0.6,-4006.8030596168715,9
0.6,-3996.1546731498865,9
0.6,-4000.4065248971956,9
0.6,-4002.915284029065,9
0.6,-4002.06972766994,9
0.6,-4002.560842579116,9
0.6,-3999.309507938867,9
0.6,-4003.6034987101652,9
0.6,-4014.611184940642,9
0.6,-3999.316210148125,9
0.6,-3999.3353993079563,9
0.6,-4003.4653783829635,9
0.6,-4008.8775956628238,9
0.6,-3998.305559538309,9
0.6,-4010.310203778682,9
0.6,-4005.323147756615,9
0.6,-4001.9906367179633,9
0.6,-4002.5752251588797,9
0.6,-4004.029070935553,9
0.6,-4004.5525531924095,9
0.6,-4009.6409884978552,9
0.6,-4000.490616310905,9
0.6,-3999.970982324226,9
0.6,-4002.3974768277444,9
0.6,-4000.5276693509422,9
0.6,-4001.2864863201926,9
0.6,-4000.901316654989,9
0.6,-4001.2241982854257,9
0.6,-3998.424202983624,9
0.6,-3999.5726001332473,9
0.6,-4002.3853664385624,9
0.6,-4003.872885360929,9
0.6,-3999.997504100143,9
0.6,-4002.2348286513675,9
0.6,-4001.6112693319087,9
0.6,-4003.252547505905,9
0.6,-4001.185378443415,9
0.6,-3998.7148290664136,9
0.6,-4000.3757428409435,9
0.6,-4001.0875054740877,9
0.6,-3999.0013538374815,9
0.6,-4008.8374287816287,9
0.6,-4000.51019353078,9
0.6,-4014.036372597294,9
0.6,-3999.4876888143326,9
0.6,-4004.98860496638,9
0.6,-4000.422926005596,9
0.7,-4000.708259888389,9
0.7,-4000.0649924221875,9
0.7,-3997.5164021341125,9
0.7,-4008.165207027465,9
0.7,-3998.7831869263846,9
0.7,-3996.54599183557,9
0.7,-3999.4861391360546,9
0.7,-4003.3712977667956,9
0.7,-4000.3171017984814,9
0.7,-4001.5811237836715,9
0.7,-3997.9899862946227,9
0.7,-4004.7465572493184,9
0.7,-3994.2716088756056,9
0.7,-4005.3960606428664,9
0.7,-3995.947534014894,9
0.7,-3999.986265217814,9
0.7,-4002.4610803565874,9
0.7,-3999.982652312739,9
0.7,-3999.7990486714157,9
0.7,-4001.5323395295745,9
0.7,-4002.7885449359096,9
0.7,-4001.0669687227182,9
0.7,-4001.280395267045,9
0.7,-4000.9426571352983,9
0.7,-4002.7723822518387,9
0.7,-4002.6454159587147,9
0.7,-4004.7080844579214,9
0.7,-4002.918559109281,9
0.7,-3998.1315324177294,9
0.7,-4002.187748618779,9
0.7,-4000.016104270392,9
0.7,-3998.8376708724963,9
0.7,-4007.4690319286583,9
0.7,-4003.8029847249813,9
0.7,-4005.1190942355174,9
0.7,-4005.532428704983,9
0.7,-4000.3394293851925,9
0.7,-4004.766679497076,9
0.7,-4001.6129007339937,9
0.7,-3999.2539432720437,9
0.7,-4001.128490579648,9
0.7,-4005.722349170023,9
0.7,-4001.586604498846,9
0.7,-3999.81829766561,9
0.7,-3999.772079655365,9
0.7,-4001.5467775226275,9
0.7,-3997.8291334528385,9
0.7,-4007.1061227846653,9
0.7,-4001.4877779462477,9
0.7,-4002.2101245724543,9
0.7,-3995.963064442119,9
0.7,-3997.769120286332,9
0.7,-4000.2423493040396,9
0.7,-3998.552924079911,9
0.7,-4006.0035233180574,9
0.7,-4014.023264617016,9
0.7,-3999.107830723058,9
0.7,-3998.977594556441,9
0.7,-3993.7450605443423,9
0.7,-3997.269597522034,9
0.7,-4000.742873031714,9
0.7,-3997.1705552158514,9
0.7,-3996.415822148929,9
0.7,-3999.7254683399465,9
0.7,-3998.6853323379155,9
0.7,-3999.1576340097927,9
0.7,-4001.2133096617504,9
0.7,-4003.884266180035,9
0.7,-4001.8623791602854,9
0.7,-3997.4917612205063,9
0.7,-3998.6531059947993,9
0.7,-4000.2900345512335,9
0.7,-3999.217008407587,9
0.7,-4002.2962375813636,9
0.7,-3998.2318444246052,9
0.7,-3999.3459054861783,9
0.7,-4003.797654320991,9
0.7,-4000.4893690149315,9
0.7,-3999.479609694662,9
0.7,-4000.1751084912576,9
0.7,-3999.5644827582373,9
0.7,-4002.1174911379294,9
0.7,-3999.36241201413,9
0.7,-4001.187830857774,9
0.7,-4001.0043204826156,9
0.7,-3996.2617964354476,9
0.7,-3997.2761781038243,9
0.7,-4000.3946863441647,9
0.7,-3997.8504463157597,9
0.7,-3998.6806828984936,9
0.7,-3999.45935941877,9
0.7,-4008.2935076563253,9
0.7,-4002.5662716840206,9
0.7,-3999.537257670932,9
0.7,-4002.5712480067828,9
0.7,-3998.7745328290666,9
0.7,-4001.677469189026,9
0.7,-3997.015334907569,9
0.7,-3997.3765365524023,9
0.7,-3995.6438334683644,9
0.8,-4004.56647509038,9
0.8,-4004.706306609712,9
0.8,-4001.1918753294512,9
0.8,-4001.977817802121,9
0.8,-4003.063559102017,9
0.8,-4002.7029305327587,9
0.8,-3997.040390648321,9
0.8,-4000.2141988911276,9
0.8,-3999.563520158787,9
0.8,-4003.097973758136,9
0.8,-3998.6840792306702,9
0.8,-3999.3012172068306,9
0.8,-3994.3405394760052,9
0.8,-3999.4833826871577,9
0.8,-4000.303827791912,9
0.8,-4004.8633336791786,9
0.8,-4009.0405098144674,9
0.8,-3999.940462140003,9
0.8,-4005.619778706616,9
0.8,-4000.238475875193,9
0.8,-4006.4429317782397,9
0.8,-4002.8313004229317,9
0.8,-4010.9615666286472,9
0.8,-4003.342944729165,9
0.8,-4011.0360024312313,9
0.8,-4003.6382007820202,9
0.8,-4006.973544417346,9
0.8,-4007.078002207759,9
0.8,-4005.3687956685726,9
0.8,-3999.799419284917,9
0.8,-4004.685254752792,9
0.8,-3999.733613182273,9
0.8,-4008.010871838762,9
0.8,-4008.78185187673,9
0.8,-4005.528020692816,9
0.8,-4007.5914814691428,9
0.8,-3999.7095891687663,9
0.8,-4003.0427339875378,9
0.8,-4005.5388481213263,9
0.8,-4000.1401605354645,9
0.8,-4000.7712065314154,9
0.8,-4005.0265719597687,9
0.8,-4001.7924575022907,9
0.8,-4002.014850677204,9
0.8,-4006.724389141461,9
0.8,-4000.4934731428066,9
0.8,-4006.5612945048247,9
0.8,-4003.149881665459,9
0.8,-4006.008545376794,9
0.8,-4000.509574325274,9
0.8,-4007.6711951435946,9
0.8,-4010.842358739623,9
0.8,-4005.746410974917,9
0.8,-3998.434071277397,9
0.8,-4001.712543555224,9
0.8,-4002.20381495884,9
0.8,-4004.604799056079,9
0.8,-4003.677605682944,9
0.8,-4007.1690408215914,9
0.8,-4003.946693295682,9
0.8,-4001.4749981353025,9
0.8,-3999.9012745176565,9
0.8,-3999.959691905135,9
0.8,-3997.669369346904,9
0.8,-4004.272119946761,9
0.8,-4001.4737619486004,9
0.8,-4001.922077559637,9
0.8,-4008.483740894033,9
0.8,-4009.9595162384494,9
0.8,-4004.776729215271,9
0.8,-3998.981329660255,9
0.8,-4014.3751202182584,9
0.8,-4005.3741948938286,9
0.8,-4008.593287630241,9
0.8,-3998.99334336359,9
0.8,-4003.284064995455,9
0.8,-4000.053054479103,9
0.8,-4000.939483338443,9
0.8,-3999.5295962835885,9
0.8,-4001.6554854013502,9
0.8,-4004.41317761971,9
0.8,-4001.6662147632333,9
0.8,-3999.726359544496,9
0.8,-4006.847055343625,9
0.8,-4000.881773834029,9
0.8,-4000.1353801336963,9
0.8,-3999.731852449591,9
0.8,-4001.8917065699125,9
0.8,-4004.0034354992667,9
0.8,-4001.867642745162,9
0.8,-3994.788140066056,9
0.8,-4006.754015691057,9
0.8,-4001.813786537345,9
0.8,-4004.0109764394683,9
0.8,-4005.302956980849,9
0.8,-3997.2783036426745,9
0.8,-3999.406387379044,9
0.8,-4001.6389957145184,9
0.8,-4007.3464249656386,9
0.8,-3999.29545643183,9
0.9,-4004.0114185949183,9
0.9,-4003.9013821887515,9
0.9,-4004.9937259565313,9
0.9,-4000.8592221962876,9
0.9,-3998.1910435199597,9
0.9,-4000.479109356159,9
0.9,-3997.9278485132,9
0.9,-4003.6522532621702,9
0.9,-4000.2266426527212,9
0.9,-4004.9183243402704,9
0.9,-3998.812285716576,9
0.9,-4005.849890073357,9
0.9,-4004.836188684901,9
0.9,-4000.285742426039,9
0.9,-4002.382476892202,9
0.9,-4003.413578916946,9
0.9,-3999.298484243062,9
0.9,-3998.202195722663,9
0.9,-4002.63201330388,9
0.9,-4000.9053792742907,9
0.9,-4001.414072604412,9
0.9,-3999.715429458423,9
0.9,-3998.7693254711266,9
0.9,-4007.807867453315,9
0.9,-4001.4490170525323,9
0.9,-4001.4674857082414,9
0.9,-3996.4617675157406,9
0.9,-4000.404725547309,9
0.9,-3995.8355709956363,9
0.9,-4001.4915806946215,9
0.9,-4002.81175786046,9
0.9,-3996.7286982092255,9
0.9,-3997.3369896109552,9
0.9,-3996.584246520158,9
0.9,-3996.979584347366,9
0.9,-4000.023482007468,9
0.9,-4000.4640855099437,9
0.9,-4000.1740763914313,9
0.9,-4002.002113502547,9
0.9,-3999.8822132929636,9
0.9,-3998.0822024975564,9
0.9,-3998.8727070743125,9
0.9,-3998.3964392115245,9
0.9,-3998.879695631419,9
0.9,-3998.0865673056273,9
0.9,-4000.6905535880883,9
0.9,-3997.6715387734816,9
0.9,-4000.0454309313914,9
0.9,-3998.708358606587,9
0.9,-4003.246112291543,9
0.9,-3999.7574334362193,9
0.9,-3997.7785491074214,9
0.9,-3998.83688023823,9
0.9,-4008.3088119059043,9
0.9,-3999.1671911701856,9
0.9,-4002.075105999472,9
0.9,-4000.8681752157554,9
0.9,-4001.311474470265,9
0.9,-3998.1362943583513,9
0.9,-3998.6646961485285,9
0.9,-4000.331302064414,9
0.9,-3999.0255341368293,9
0.9,-4003.3407415720976,9
0.9,-3993.780181541457,9
0.9,-3997.954559406921,9
0.9,-3999.8073642408413,9
0.9,-3996.6701675423933,9
0.9,-3998.7607835895474,9
0.9,-4001.792996023761,9
0.9,-4001.274173380107,9
0.9,-4002.5675621506502,9
0.9,-4004.6682615557233,9
0.9,-4001.0352996167803,9
0.9,-3998.4868862822905,9
0.9,-4001.6685296424166,9
0.9,-3997.7955656214217,9
0.9,-3999.33620424445,9
0.9,-3999.484029926195,9
0.9,-4010.4608061182325,9
0.9,-3998.0894919646316,9
0.9,-3998.7408419409553,9
0.9,-4002.087349712335,9
0.9,-4002.8330173821314,9
0.9,-4005.267834445024,9
0.9,-4003.8592049729314,9
0.9,-3998.563045540648,9
0.9,-4001.9233256702983,9
0.9,-4001.0239149131494,9
0.9,-4002.0272598423485,9
0.9,-4001.526820297949,9
0.9,-4000.945673808757,9
0.9,-4002.9453753681682,9
0.9,-3998.3440330899225,9
0.9,-3998.1700058076003,9
0.9,-3999.6801506862557,9
0.9,-4001.4622336761304,9
0.9,-4003.122906786244,9
0.9,-3997.9519216687986,9
0.9,-4003.4778206072615,9
0.9,-4002.374016601636,9
1.0,-4000.3037517884936,9
1.0,-4000.8366311009245,9
1.0,-3998.6351499681073,9
1.0,-3996.971566266259,9
1.0,-4000.297807134963,9
1.0,-3997.902911580276,9
1.0,-4007.370072923192,9
1.0,-4000.394392407609,9
1.0,-4001.0094264464674,9
1.0,-3999.475257947025,9
1.0,-3997.1954237728073,9
1.0,-3997.179802135503,9
1.0,-3998.7353226762725,9
1.0,-4002.3130985734656,9
1.0,-4002.391539208677,9
1.0,-4015.1384605049525,9
1.0,-4001.443247201154,9
1.0,-3999.839182384164,9
1.0,-3998.7758559435847,9
1.0,-3997.70381319046,9
1.0,-3997.229420585799,9
1.0,-4002.43224674378,9
1.0,-3997.3931508822934,9
1.0,-4004.7679460173063,9
1.0,-4000.854369966609,9
1.0,-3998.031650788654,9
1.0,-4003.271125124311,9
1.0,-4001.07441450003,9
1.0,-4002.5741924958857,9
1.0,-4001.8147846449233,9
1.0,-4000.3737367607255,9
1.0,-3995.8741561052907,9
1.0,-3998.270232467864,9
1.0,-4005.8292278105228,9
1.0,-3999.553084301121,9
1.0,-4004.2423843049364,9
1.0,-4000.615151793059,9
1.0,-4001.098183636279,9
1.0,-4016.4922147733796,9
1.0,-4012.1067770356462,9
1.0,-4005.056037426777,9
1.0,-4001.7180821958823,9
1.0,-4003.194898099965,9
1.0,-4000.488812161267,9
1.0,-4000.6957992797197,9
1.0,-4003.8216922315287,9
1.0,-3998.57920288718,9
1.0,-3998.8248594829547,9
1.0,-4009.8725191941908,9
1.0,-4002.3929635286668,9
1.0,-3997.0207231183226,9
1.0,-4007.1096590833736,9
1.0,-3996.867131258775,9
1.0,-4003.293538534472,9
1.0,-4000.037030441396,9
1.0,-3995.938095965989,9
1.0,-4000.394769208978,9
1.0,-3998.5289097395685,9
1.0,-4002.515382742816,9
1.0,-4006.059592397068,9
1.0,-4000.2891137316055,9
1.0,-3998.7726552415866,9
1.0,-4006.6697040226,9
1.0,-4000.845900474581,9
1.0,-3999.5977793280335,9
1.0,-4008.2138971523464,9
1.0,-4004.4319262460053,9
1.0,-3997.461169748005,9
1.0,-4006.03344590316,9
1.0,-4001.9918238942687,9
1.0,-4004.1084302966574,9
1.0,-3998.5441173644754,9
1.0,-4000.465784440346,9
1.0,-4000.659921683023,9
1.0,-4000.20689745958,9
1.0,-4003.028074886654,9
1.0,-4002.0664817632155,9
1.0,-4014.984512550259,9
1.0,-3999.9641337493417,9
1.0,-3999.5164121184616,9
1.0,-4002.5918643254545,9
1.0,-4002.9283618823597,9
1.0,-4005.6429897974594,9
1.0,-4001.540956937665,9
1.0,-4004.7200110565914,9
1.0,-4002.1112626636323,9
1.0,-3997.025991206334,9
1.0,-3999.6590914068806,9
1.0,-3997.88354534453,9
1.0,-4007.4694536425177,9
1.0,-3999.6531029356074,9
1.0,-4005.8817252916324,9
1.0,-4004.8259375965376,9
1.0,-3999.938785624273,9
1.0,-4001.9729877442596,9
1.0,-3999.346256420614,9
1.0,-3997.561045194075,9
1.0,-4011.912066885994,9
1.0,-3995.846304251814,9
1.0,-4007.6143007767564,9
0.1,-4008.318625258662,10
0.1,-4009.190248288542,10
0.1,-4004.6725194254564,10
0.1,-4007.7282010246704,10
0.1,-4008.6560778670682,10
0.1,-4009.9566950724934,10
0.1,-4002.5436344605146,10
0.1,-4020.693061991935,10
0.1,-4004.0621843506497,10
0.1,-4007.836639792903,10
0.1,-4008.157805798839,10
0.1,-4008.3348470748315,10
0.1,-4010.476541482208,10
0.1,-4007.4860992470904,10
0.1,-4011.325464576987,10
0.1,-4007.848193184088,10
0.1,-4007.855551586866,10
0.1,-4006.6004837322507,10
0.1,-4013.106186260245,10
0.1,-4009.5744514850753,10
0.1,-4008.466882235764,10
0.1,-4007.8010382162174,10
0.1,-4006.1715713983563,10
0.1,-4010.421133787606,10
0.1,-4007.1452310993263,10
0.1,-4008.3813256105254,10
0.1,-4004.2911938675675,10
0.1,-4008.832629354155,10
0.1,-4012.6985643122994,10
0.1,-4010.785097896463,10
0.1,-4007.7392532845615,10
0.1,-4005.637617078261,10
0.1,-4007.193774343852,10
0.1,-4010.3941760539037,10
0.1,-4007.9590530480036,10
0.1,-4006.877732606881,10
0.1,-4012.4617170434008,10
0.1,-4009.45056032373,10
0.1,-4006.157503658584,10
0.1,-4006.83268319663,10
0.1,-4009.1291164174404,10
0.1,-4005.906174079976,10
0.1,-4003.588614093664,10
0.1,-4005.6637396168217,10
0.1,-4013.1757019009137,10
0.1,-4009.106362220292,10
0.1,-4008.9476911772076,10
0.1,-4005.84637084935,10
0.1,-4006.3424108107556,10
0.1,-4010.115795502073,10
0.1,-4004.1807304348545,10
0.1,-4006.3042429794423,10
0.1,-4008.172150643803,10
0.1,-4006.5386308596117,10
0.1,-4007.9032821804026,10
0.1,-4007.811621182886,10
0.1,-4006.8308583876137,10
0.1,-4006.245545246179,10
0.1,-4007.066761892751,10
0.1,-4010.934006903667,10
0.1,-4009.9164764699794,10
0.1,-4001.7268859894375,10
0.1,-4007.646431480136,10
0.1,-4005.6051958884555,10
0.1,-4006.5066539321124,10
0.1,-4012.6216903124578,10
0.1,-4004.9748551521475,10
0.1,-4004.215209775227,10
0.1,-4012.5918062644387,10
0.1,-4018.551689191913,10
0.1,-4008.9222852999665,10
0.1,-4010.4697145408004,10
0.1,-4009.7423946540302,10
0.1,-4008.1360503911346,10
0.1,-4007.5448170658083,10
0.1,-4010.848298326804,10
0.1,-4003.9936623973026,10
0.1,-4003.95525490711,10
0.1,-4006.9449857603327,10
0.1,-4009.9851106041815,10
0.1,-4007.319212416393,10
0.1,-4005.217728691973,10
0.1,-4004.6091874685126,10
0.1,-4008.4536722948915,10
0.1,-4008.9276477527005,10
0.1,-4007.3195714563803,10
0.1,-4009.4849535914545,10
0.1,-4005.9873876993574,10
0.1,-4009.5765225020136,10
0.1,-4007.4008938831585,10
0.1,-4008.6084244775147,10
0.1,-4004.7936306963,10
0.1,-4009.560877996857,10
0.1,-4007.4894142513617,10
0.1,-4010.953216319691,10
0.1,-4003.86412643338,10
0.1,-4007.21138716417,10
0.1,-4007.801337391251,10
0.1,-4011.095950843318,10
0.1,-4005.7962453379096,10
0.2,-4009.638594681928,10
0.2,-4011.802099405625,10
0.2,-4008.9134852414113,10
0.2,-4005.7769018824574,10
0.2,-4005.295292837265,10
0.2,-4004.55548651987,10
0.2,-4006.8443414692006,10
0.2,-4010.3436008037543,10
0.2,-4006.5859900671644,10
0.2,-4006.51253055901,10
0.2,-4005.178636113551,10
0.2,-4008.1749600153266,10
0.2,-4012.599819731228,10
0.2,-4010.294969714906,10
0.2,-4009.127808308925,10
0.2,-4005.8030059317052,10
0.2,-4005.4905411700415,10
0.2,-4009.7321022329074,10
0.2,-4005.3732324023913,10
0.2,-4007.5540162233697,10
0.2,-4006.962574020604,10
0.2,-4005.1812462364915,10
0.2,-4010.867407451859,10
0.2,-4005.244990450356,10
0.2,-4011.9978973156,10
0.2,-4009.6129207676167,10
0.2,-4006.760393579343,10
0.2,-4009.1646363570967,10
0.2,-4009.652947959689,10
0.2,-4001.9232596092897,10
0.2,-4002.854124901606,10
0.2,-4008.8144966816562,10
0.2,-4010.0570038574606,10
0.2,-4012.3890326055107,10
0.2,-4003.1818040793364,10
0.2,-4005.8525597187836,10
0.2,-4005.6900501384243,10
0.2,-4007.126089520915,10
0.2,-4004.6525895684317,10
0.2,-4007.3888467277793,10
0.2,-4003.3866833083557,10
0.2,-4007.051464452129,10
0.2,-4004.9229773079546,10
0.2,-4008.3828341933936,10
0.2,-4004.382617645808,10
0.2,-4009.7412836433923,10
0.2,-4011.864723732914,10
0.2,-4006.0159131885807,10
0.2,-4008.265647687892,10
0.2,-4009.537847813948,10
0.2,-4006.341954826716,10
0.2,-4009.137016841632,10
0.2,-4002.9696552254827,10
0.2,-4004.9858119075025,10
0.2,-4008.339164066,10
0.2,-4009.2299489615243,10
0.2,-4006.671368634237,10
0.2,-4007.7678169358082,10
0.2,-4006.5375222815364,10
0.2,-4008.590297164507,10
0.2,-4012.546367947807,10
0.2,-4006.01434250136,10
0.2,-4008.5184993172224,10
0.2,-4007.0046091290997,10
0.2,-4007.557174988297,10
0.2,-4009.768522717174,10
0.2,-4008.815734168935,10
0.2,-4006.3586516596442,10
0.2,-4008.814337659912,10
0.2,-4008.023916442226,10
0.2,-4003.159577321446,10
0.2,-4008.555489347218,10
0.2,-4012.4562800090057,10
0.2,-4010.5250163800733,10
0.2,-4012.3467267918218,10
0.2,-4007.667013440468,10
0.2,-4008.2353442506624,10
0.2,-4006.3608441100973,10
0.2,-4007.774691427174,10
0.2,-4010.237065810769,10
0.2,-4003.7245256765814,10
0.2,-4010.5314988258847,10
0.2,-4006.1006782440845,10
0.2,-4009.1430055696937,10
0.2,-4009.2955874952895,10
0.2,-4007.786753462479,10
0.2,-4006.252922431313,10
0.2,-4005.7529045832075,10
0.2,-4008.215992326524,10
0.2,-4014.235777683986,10
0.2,-4009.5329262493096,10
0.2,-4009.4157779312595,10
0.2,-4008.603019063894,10
0.2,-4007.6101475597143,10
0.2,-4007.4154267024296,10
0.2,-4011.5550483117345,10
0.2,-4006.9557600130574,10
0.2,-4011.8881811293413,10
0.2,-4011.305332602345,10
0.2,-4011.1800083786466,10
0.3,-4005.977172233395,10
0.3,-4007.124893604478,10
0.3,-4009.4795906346985,10
0.3,-4007.5109112367045,10
0.3,-4008.2223655255307,10
0.3,-4006.1850537557334,10
0.3,-4005.2106953122166,10
0.3,-4003.7256823998628,10
0.3,-4006.524304737464,10
0.3,-4006.3914122080446,10
0.3,-4004.201225203507,10
0.3,-4012.267539650482,10
0.3,-4008.7427550045036,10
0.3,-4006.675074598734,10
0.3,-4008.935137963671,10
0.3,-4003.5973729639195,10
0.3,-4006.0116700232793,10
0.3,-4008.42980059314,10
0.3,-4006.7901669007056,10
0.3,-4009.0975561866007,10
0.3,-4005.310558411475,10
0.3,-4006.8305992533888,10
0.3,-4007.7314492433416,10
0.3,-4009.536876223042,10
0.3,-4005.4930476681784,10
0.3,-4006.7938764376986,10
0.3,-4011.6240724919608,10
0.3,-4009.776162242866,10
0.3,-4008.287948913148,10
0.3,-4006.870690820356,10
0.3,-4012.0860147788885,10
0.3,-4015.393235582721,10
0.3,-4008.532499626201,10
0.3,-4006.1717559359818,10
0.3,-4004.096728514225,10
0.3,-4002.74358996358,10
0.3,-4006.237148383729,10
0.3,-4002.3818569566265,10
0.3,-4006.300267740485,10
0.3,-4009.322062766286,10
0.3,-4008.5707287185974,10
0.3,-4008.6335106460856,10
0.3,-4005.451987748665,10
0.3,-4005.5975152396754,10
0.3,-4005.374662606296,10
0.3,-4015.304905274003,10
0.3,-4006.539984880602,10
0.3,-4006.1354862462886,10
0.3,-4008.8528591903478,10
0.3,-4004.957210089267,10
0.3,-4003.8196415930856,10
0.3,-4006.4711735540614,10
0.3,-4009.074829022689,10
0.3,-4007.502493965746,10
0.3,-4007.1278864644146,10
0.3,-4012.8295935972915,10
0.3,-4005.7587765007443,10
0.3,-4005.017218652995,10
0.3,-4003.0276579145743,10
0.3,-4005.810148703822,10
0.3,-4006.8304386298746,10
0.3,-4011.114410092887,10
0.3,-4003.352682514882,10
0.3,-4007.3059873109455,10
0.3,-4008.4558790726214,10
0.3,-4009.3107054015095,10
0.3,-4007.4580820203987,10
0.3,-4004.515255026813,10
0.3,-4010.646964663908,10
0.3,-4009.2491871465554,10
0.3,-4007.4639043758834,10
0.3,-4013.5175063743245,10
0.3,-4008.720568610393,10
0.3,-4007.0290646703297,10
0.3,-4009.373980444164,10
0.3,-4006.288259201867,10
0.3,-4001.128667937605,10
0.3,-4013.29731241931,10
0.3,-4004.237194388744,10
0.3,-4000.9539463160686,10
0.3,-4003.3691294279406,10
0.3,-4008.321135884842,10
0.3,-4004.3236426763415,10
0.3,-4005.2375945286813,10
0.3,-4010.706169717864,10
0.3,-4008.4105172405566,10
0.3,-4006.862767675666,10
0.3,-4006.40583103551,10
0.3,-4004.939699210491,10
0.3,-4010.5315210333447,10
0.3,-4006.656807987078,10
0.3,-4009.91756502385,10
0.3,-4004.559909073978,10
0.3,-4005.478250935504,10
0.3,-4004.123378152074,10
0.3,-4003.9940607680737,10
0.3,-4006.6601100697108,10
0.3,-4007.907949729409,10
0.3,-4011.124240743031,10
0.3,-4013.5182983282516,10
0.4,-4005.8873358835835,10
0.4,-4005.382307271592,10
0.4,-4010.0893272086705,10
0.4,-4004.0955306481083,10
0.4,-4008.058319406595,10
0.4,-4008.4742130696454,10
0.4,-4011.730314372964,10
0.4,-4015.1155866222193,10
0.4,-4027.3913357024603,10
0.4,-4005.836010086932,10
0.4,-4007.0101467840486,10
0.4,-4010.520488326783,10
0.4,-4007.574322221314,10
0.4,-4009.236567402905,10
0.4,-4005.30042903834,10
0.4,-4011.76242036229,10
0.4,-4013.582847744246,10
0.4,-4008.2409210179103,10
0.4,-4006.945405922727,10
0.4,-4013.6986749693187,10
0.4,-4008.3368509135025,10
0.4,-4009.5503565543904,10
0.4,-4004.645172052057,10
0.4,-4013.930290633768,10
0.4,-4006.265272826397,10
0.4,-4003.048735805294,10
0.4,-4011.963354107658,10
0.4,-4007.4353694875313,10
0.4,-4005.1410061805786,10
0.4,-4008.0561223986742,10
0.4,-4010.531847653755,10
0.4,-4010.1098565954117,10
0.4,-4006.8741239782344,10
0.4,-4011.8587780152207,10
0.4,-4011.115568673106,10
0.4,-4004.694536277449,10
0.4,-4010.281382853353,10
0.4,-4004.8506739365744,10
0.4,-4005.2692658849587,10
0.4,-4010.13805933552,10
0.4,-4009.4981893092827,10
0.4,-4007.06810048425,10
0.4,-4009.8350232972307,10
0.4,-4011.050867865696,10
0.4,-4004.0657210600343,10
0.4,-4006.670003174393,10
0.4,-4006.286804676378,10
0.4,-4006.895178585613,10
0.4,-4006.0431169120575,10
0.4,-4016.5304234657733,10
0.4,-4008.9673399356348,10
0.4,-4008.4697343803473,10
0.4,-4009.28825866555,10
0.4,-4023.4644079980985,10
0.4,-4006.2196876732796,10
0.4,-4008.9633969134143,10
0.4,-4014.103453650247,10
0.4,-4004.5725293338173,10
0.4,-4010.087681570585,10
0.4,-4007.910503524134,10
0.4,-4007.5837907214714,10
0.4,-4007.8244624648783,10
0.4,-4007.3383512026485,10
0.4,-4008.743208799375,10
0.4,-4009.473740982306,10
0.4,-4009.212688053957,10
0.4,-4008.890243599197,10
0.4,-4006.545841056339,10
0.4,-4009.822117291991,10
0.4,-4007.350227101413,10
0.4,-4009.9718520072975,10
0.4,-4009.378067280553,10
0.4,-4009.070537971355,10
0.4,-4007.400043268669,10
0.4,-4006.7985184719482,10
0.4,-4010.576895511369,10
0.4,-4010.192832174768,10
0.4,-4013.4844581461766,10
0.4,-4023.2244255826063,10
0.4,-4005.676148036917,10
0.4,-4012.326998013372,10
0.4,-4008.0628812686055,10
0.4,-4008.5786113784534,10
0.4,-4011.622442735698,10
0.4,-4007.4774952043117,10
0.4,-4010.4485505471034,10
0.4,-4013.9576719466736,10
0.4,-4005.0307038159176,10
0.4,-4006.5551534066662,10
0.4,-4006.4792027682274,10
0.4,-4007.144162014841,10
0.4,-4006.9744753254436,10
0.4,-4011.627039385806,10
0.4,-4008.898476135915,10
0.4,-4007.3121045577336,10
0.4,-4008.655403291506,10
0.4,-4007.1332219787428,10
0.4,-4009.457962421313,10
0.4,-4010.6501278640985,10
0.4,-4005.0526610184993,10
0.5,-4012.0703405365525,10
0.5,-4004.968777186246,10
0.5,-4012.009000408941,10
0.5,-4005.4769934028177,10
0.5,-4007.543307787919,10
0.5,-4006.7884177627893,10
0.5,-4006.5199213750643,10
0.5,-4007.9524487039066,10
0.5,-4008.2165891391087,10
0.5,-4006.938884651434,10
0.5,-4010.1325044416712,10
0.5,-4008.2107947954055,10
0.5,-4017.9415417687815,10
0.5,-4004.073037356581,10
0.5,-4012.2787242393424,10
0.5,-4005.590168250071,10
0.5,-4007.306639746115,10
0.5,-4009.289413104029,10
0.5,-4011.181541542095,10
0.5,-4011.295538518252,10
0.5,-4010.1583346838947,10
0.5,-4011.509888592529,10
0.5,-4005.26241711802,10
0.5,-4011.2186102822957,10
0.5,-4013.7169649833563,10
0.5,-4013.357285623172,10
0.5,-4010.4331280158826,10
0.5,-4004.1856897825755,10
0.5,-4014.1346793166035,10
0.5,-4008.48689434516,10
0.5,-4001.434977405483,10
0.5,-4009.801220159115,10
0.5,-4007.6150061877397,10
0.5,-4015.2118300833113,10
0.5,-4008.771522817469,10
0.5,-4010.2014171988603,10
0.5,-4012.074074705792,10
0.5,-4008.7213076080984,10
0.5,-4020.9303624404715,10
0.5,-4008.5917698148924,10
0.5,-4005.506043755849,10
0.5,-4009.7544696766718,10
0.5,-4010.806779399419,10
0.5,-4008.3954875555373,10
0.5,-4009.942569905014,10
0.5,-4003.4808956923334,10
0.5,-4008.1361582025215,10
0.5,-4002.141450427437,10
0.5,-4008.7278099920213,10
0.5,-4007.7018924276103,10
0.5,-4010.3417363827166,10
0.5,-4015.8937193348984,10
0.5,-4007.4630645851885,10
0.5,-4007.831169744637,10
0.5,-4003.7784242333732,10
0.5,-4007.653236844995,10
0.5,-4012.070097471238,10
0.5,-4010.462241451259,10
0.5,-4005.8322604812843,10
0.5,-4008.170016147413,10
0.5,-4008.5478409608986,10
0.5,-4007.187548734873,10
0.5,-4007.4473968799557,10
0.5,-4010.6579571950497,10
0.5,-4008.3855841468835,10
0.5,-4006.6028885780934,10
0.5,-4007.3745132181957,10
0.5,-4009.764782527797,10
0.5,-4004.052136071596,10
0.5,-4008.1124333292837,10
0.5,-4009.8587489293523,10
0.5,-4009.8097796945303,10
0.5,-4007.689210033727,10
0.5,-4006.922327708117,10
0.5,-4009.7889517408516,10
0.5,-4010.668324539423,10
0.5,-4006.922814430827,10
0.5,-4009.4837414223266,10
0.5,-4009.6872955200506,10
0.5,-4009.797359342516,10
0.5,-4008.9255169285007,10
0.5,-4008.3255766492057,10
0.5,-4008.3804325176266,10
0.5,-4008.1396976241317,10
0.5,-4016.0068229897624,10
0.5,-4008.4919065820177,10
0.5,-4006.2894861496247,10
0.5,-4009.380605229906,10
0.5,-4004.933913643355,10
0.5,-4010.094222514123,10
0.5,-4006.916841907313,10
0.5,-4006.828996540162,10
0.5,-4004.5316559319804,10
0.5,-4007.901414733094,10
0.5,-4008.6300936259486,10
0.5,-4011.6313940994337,10
0.5,-4006.710312224509,10
0.5,-4007.6979515069356,10
0.5,-4006.601454584185,10
0.5,-4006.0919528764084,10
0.6,-4006.3063493845684,10
0.6,-4011.1163711083022,10
0.6,-4006.234330451309,10
0.6,-4007.3540788179753,10
0.6,-4005.820665000563,10
0.6,-4007.807637294422,10
0.6,-4005.417505747349,10
0.6,-4003.0596878432693,10
0.6,-4006.589915209745,10
0.6,-4007.7882501358354,10
0.6,-4006.436052016622,10
0.6,-4010.928888867625,10
0.6,-4006.1407637428797,10
0.6,-4000.9533490351196,10
0.6,-4005.7777595393395,10
0.6,-4010.1267461143752,10
0.6,-4005.0551432347847,10
0.6,-4010.1420908249283,10
0.6,-4013.148002156173,10
0.6,-4008.9959439870627,10
0.6,-4008.7476725271763,10
0.6,-4009.0486463297316,10
0.6,-4005.391899523054,10
0.6,-4005.935299438436,10
0.6,-4016.1187699054685,10
0.6,-4009.964996647874,10
0.6,-4001.095325098971,10
0.6,-4004.337667530677,10
0.6,-4010.4205825074628,10
0.6,-4002.39708161438,10
0.6,-4018.9322478353542,10
0.6,-4003.6464371896272,10
0.6,-4005.6714230762936,10
0.6,-4010.7531528245477,10
0.6,-4002.2155315832347,10
0.6,-4006.7155466595327,10
0.6,-4008.3879824782525,10
0.6,-4010.030439309262,10
0.6,-4012.934467066604,10
0.6,-4007.771892550712,10
0.6,-4010.684801571243,10
0.6,-4008.84787268061,10
0.6,-4008.3322676789007,10
0.6,-4005.6420914685295,10
0.6,-4007.581636340007,10
0.6,-4012.817830918137,10
0.6,-4004.664952813196,10
0.6,-4006.934865105432,10
0.6,-4005.5183960095956,10
0.6,-4005.0296888247594,10
0.6,-4010.036822511113,10
0.6,-4004.681634250923,10
0.6,-4005.5085779408378,10
0.6,-4011.474976179289,10
0.6,-4005.5941076050462,10
0.6,-4008.7348352200866,10
0.6,-4004.3659138561284,10
0.6,-4007.1587149861903,10
0.6,-4008.6004528400963,10
0.6,-4012.6232035082367,10
0.6,-4007.399084987791,10
0.6,-4007.9796685686024,10
0.6,-4011.46866925047,10
0.6,-4009.6411642799235,10
0.6,-4008.1964811611465,10
0.6,-4006.07063286678,10
0.6,-4009.02901909462,10
0.6,-4009.0376493664503,10
0.6,-4007.6865943452876,10
0.6,-4012.5750282030567,10
0.6,-4005.5718496118643,10
0.6,-4004.220287590063,10
0.6,-4001.377722769017,10
0.6,-4005.133881585936,10
0.6,-4003.711693545228,10
0.6,-4009.1589492731846,10
0.6,-4024.819736118743,10
0.6,-4008.614034935372,10
0.6,-4004.701712517809,10
0.6,-4008.113451797966,10
0.6,-4007.841938158585,10
0.6,-4018.7619004745848,10
0.6,-4008.557647365605,10
0.6,-4006.6362498955964,10
0.6,-4008.3798479467173,10
0.6,-4005.2736127927615,10
0.6,-4009.5473745472987,10
0.6,-4005.0181893980357,10
0.6,-4010.6036210633356,10
0.6,-4006.488152963817,10
0.6,-4007.4694257691735,10
0.6,-4007.0698482564326,10
0.6,-4007.494414605869,10
0.6,-4007.6342490796806,10
0.6,-4008.100197816472,10
0.6,-4001.570517735332,10
0.6,-4011.8990506700866,10
0.6,-4010.7035789022398,10
0.6,-4006.6376481766897,10
0.6,-4008.5074500640885,10
0.7,-4007.4368216556727,10
0.7,-4011.2570686932454,10
0.7,-4010.1519988869,10
0.7,-4012.263246690806,10
0.7,-4006.7872626549906,10
0.7,-4007.129209174374,10
0.7,-4005.9143728117447,10
0.7,-4005.89962780274,10
0.7,-4007.119184045074,10
0.7,-4005.910794016109,10
0.7,-4008.637760341155,10
0.7,-4006.1696343353105,10
0.7,-4008.0536718334884,10
0.7,-4004.9604249129206,10
0.7,-4007.2814235801197,10
0.7,-4004.988887717543,10
0.7,-4008.1102358208136,10
0.7,-4009.6430566306267,10
0.7,-4008.2574132195396,10
0.7,-4007.1396156348223,10
0.7,-4007.8315466912118,10
0.7,-4007.6197329971856,10
0.7,-4006.653033778428,10
0.7,-4016.5232353326387,10
0.7,-4004.9185844415224,10
0.7,-4007.5797946818807,10
0.7,-4009.635595525179,10
0.7,-4013.050234576748,10
0.7,-4006.209770970543,10
0.7,-4010.276751651812,10
0.7,-4003.721668568271,10
0.7,-4010.0005340850366,10
0.7,-4011.6975423578488,10
0.7,-4009.384183246786,10
0.7,-4009.20430590412,10
0.7,-4007.588238557295,10
0.7,-4009.1589652534785,10
0.7,-4012.3934838208165,10
0.7,-4009.2325960674702,10
0.7,-4010.3136126386394,10
0.7,-4009.4225315122817,10
0.7,-4008.049004399583,10
0.7,-4007.948058649756,10
0.7,-4005.571426077042,10
0.7,-4003.5359010697025,10
0.7,-4003.76204175376,10
0.7,-4011.8238990497157,10
0.7,-4009.3049258975348,10
0.7,-4006.8674564655958,10
0.7,-4008.5072897761165,10
0.7,-4007.9582604710386,10
0.7,-4006.252611602155,10
0.7,-4006.9869891678054,10
0.7,-4006.4220210686353,10
0.7,-4008.3929098267054,10
0.7,-4007.05291716297,10
0.7,-4008.075994333353,10
0.7,-4002.366845532485,10
0.7,-4010.015209053247,10
0.7,-4008.149436914701,10
0.7,-4006.2403164207076,10
0.7,-4014.0317810011397,10
0.7,-4010.2573065185516,10
0.7,-4008.833860102987,10
0.7,-4004.814169717948,10
0.7,-4006.9628290491924,10
0.7,-4006.4686685123597,10
0.7,-4005.500381402272,10
0.7,-4003.9776800752174,10
0.7,-4006.9726699647276,10
0.7,-4004.432540205568,10
0.7,-4011.0026599524194,10
0.7,-4007.7760734660696,10
0.7,-4009.1309517233067,10
0.7,-4006.357417825339,10
0.7,-4008.003032297785,10
0.7,-4009.7087541177248,10
0.7,-4009.0202126226272,10
0.7,-4007.1985840352054,10
0.7,-4008.3533720368155,10
0.7,-4007.4736019931825,10
0.7,-4011.8086803347305,10
0.7,-4007.4759154401013,10
0.7,-4008.4970443760485,10
0.7,-4003.8258248582565,10
0.7,-4011.4034033956355,10
0.7,-4011.150525680143,10
0.7,-4009.0356046204265,10
0.7,-4010.0072282702113,10
0.7,-4003.7080630481055,10
0.7,-4011.1654908458872,10
0.7,-4005.979673961438,10
0.7,-4010.288863315523,10
0.7,-4005.279279962153,10
0.7,-4006.7266420765823,10
0.7,-4003.7063799406483,10
0.7,-4007.7477948488436,10
0.7,-4003.108233985504,10
0.7,-4006.686989931508,10
0.7,-4007.138684532098,10
0.8,-4007.615307633586,10
0.8,-4013.2282202972897,10
0.8,-4009.1290530126425,10
0.8,-4004.2585665670513,10
0.8,-4009.255764363306,10
0.8,-4017.213755828189,10
0.8,-4012.0076680393895,10
0.8,-4009.0000287706275,10
0.8,-4008.764128162835,10
0.8,-4010.880933504979,10
0.8,-4008.8671778119183,10
0.8,-4008.1449335324955,10
0.8,-4005.4107624283374,10
0.8,-4014.4983997161485,10
0.8,-4010.4634029176696,10
0.8,-4009.9218023054177,10
0.8,-4009.1977768132842,10
0.8,-4012.626206285631,10
0.8,-4006.1472020197048,10
0.8,-4016.0446554965024,10
0.8,-4011.947492837673,10
0.8,-4005.3050746472677,10
0.8,-4010.784039793177,10
0.8,-4011.435959674136,10
0.8,-4010.264617270887,10
0.8,-4011.260084874162,10
0.8,-4010.812285073997,10
0.8,-4006.83146744576,10
0.8,-4004.7401329191093,10
0.8,-4010.6270999836297,10
0.8,-4014.993325181266,10
0.8,-4006.486934457445,10
0.8,-4008.4792297781087,10
0.8,-4011.2088713752696,10
0.8,-4008.937327755797,10
0.8,-4010.534610122871,10
0.8,-4005.9834400445493,10
0.8,-4008.4248288586236,10
0.8,-4008.4912534420205,10
0.8,-4011.02166869618,10
0.8,-4012.7350590816663,10
0.8,-4006.960644030012,10
0.8,-4010.196099485471,10
0.8,-4007.2037832129513,10
0.8,-4012.897828143939,10
0.8,-4010.730536218377,10
0.8,-4004.5974931367527,10
0.8,-4006.47995118986,10
0.8,-4007.338128604534,10
0.8,-4007.9521576019984,10
0.8,-4010.1366155985197,10
0.8,-4010.327851021177,10
0.8,-4007.5507660560165,10
0.8,-4005.383860988275,10
0.8,-4009.495154081875,10
0.8,-4001.956162222542,10
0.8,-4010.0144922159607,10
0.8,-4007.8627883314575,10
0.8,-4018.02919270868,10
0.8,-4014.4727924276103,10
0.8,-4010.043684818135,10
0.8,-4014.1221526845848,10
0.8,-4021.377121398239,10
0.8,-4012.989520723324,10
0.8,-4004.5004092108416,10
0.8,-4008.094145012681,10
0.8,-4005.7843076248864,10
0.8,-4011.670714973335,10
0.8,-4009.9009910780464,10
0.8,-4007.275450472819,10
0.8,-4008.291001294056,10
0.8,-4005.62504889024,10
0.8,-4007.7212492238054,10
0.8,-4010.374787105918,10
0.8,-4007.002052664611,10
0.8,-4008.061384080692,10
0.8,-4010.331365572762,10
0.8,-4009.8189675148806,10
0.8,-4010.4752792259205,10
0.8,-4006.3350965958143,10
0.8,-4007.6699970085174,10
0.8,-4006.5921056487978,10
0.8,-4012.0993339933243,10
0.8,-4011.3628351139373,10
0.8,-4010.6851437021105,10
0.8,-4011.8726894948923,10
0.8,-4013.2036713516986,10
0.8,-4008.581838482569,10
0.8,-4008.072021181427,10
0.8,-4009.6523279729868,10
0.8,-4016.419011430447,10
0.8,-4010.0781667960464,10
0.8,-4009.2263047925917,10
0.8,-4013.6479550995405,10
0.8,-4007.2133045387063,10
0.8,-4012.9883185653352,10
0.8,-4009.756406410988,10
0.8,-4006.2408015033916,10
0.8,-4003.1734051546273,10
0.8,-4016.326235507472,10
0.9,-4005.2023689780626,10
0.9,-4009.3380711263844,10
0.9,-4010.3748448987217,10
0.9,-4007.183882644454,10
0.9,-4006.6716576993376,10
0.9,-4005.7074726473415,10
0.9,-4004.138130040831,10
0.9,-4008.788801453407,10
0.9,-4010.797608301665,10
0.9,-4005.9261736081485,10
0.9,-4006.857708415819,10
0.9,-4007.3786643967746,10
0.9,-4007.7092911139225,10
0.9,-4005.2576758589116,10
0.9,-4010.8002636090746,10
0.9,-4007.643065280462,10
0.9,-4007.1443850239075,10
0.9,-4007.168998720466,10
0.9,-4010.660006752769,10
0.9,-4005.0426919501965,10
0.9,-4005.7777215032743,10
0.9,-4005.441448748574,10
0.9,-4007.5988868046234,10
0.9,-4005.957139295559,10
0.9,-4006.741606901936,10
0.9,-4007.5843681556453,10
0.9,-4011.139206272523,10
0.9,-4011.963025034085,10
0.9,-4005.732559497382,10
0.9,-4001.1751698960884,10
0.9,-4010.183698340396,10
0.9,-4004.449677488197,10
0.9,-4011.3665736040425,10
0.9,-4002.8977818192097,10
0.9,-4006.949795162866,10
0.9,-4008.8543466936035,10
0.9,-4009.1657990622875,10
0.9,-4009.600908601646,10
0.9,-4010.6215583528456,10
0.9,-4005.5607799133445,10
0.9,-4009.913468472306,10
0.9,-4003.4354549162917,10
0.9,-4006.5662592504345,10
0.9,-4010.410864117627,10
0.9,-4007.8673394445213,10
0.9,-4005.7212559391014,10
0.9,-4007.666100224666,10
0.9,-4006.5219957483655,10
0.9,-4014.4562946788724,10
0.9,-4009.2319588798114,10
0.9,-4006.6376925127483,10
0.9,-4013.6410187349547,10
0.9,-4002.8163399172713,10
0.9,-4007.247869095455,10
0.9,-4008.1848669494743,10
0.9,-4008.351368503649,10
0.9,-4005.1523975309115,10
0.9,-4007.038385767148,10
0.9,-4007.4964854948157,10
0.9,-4008.2876100263256,10
0.9,-4005.258524189338,10
0.9,-3999.7313683793336,10
0.9,-4006.708285848193,10
0.9,-4005.792699144194,10
0.9,-4006.1557562366606,10
0.9,-4012.0416399133383,10
0.9,-4010.760962565922,10
0.9,-4006.7853884370556,10
0.9,-4005.1484293400194,10
0.9,-4010.8811170057484,10
0.9,-4009.0825924668147,10
0.9,-4004.2981631928687,10
0.9,-4002.395442685431,10
0.9,-4007.4443944584837,10
0.9,-4006.303166547968,10
0.9,-4004.558807207785,10
0.9,-4013.307647581665,10
0.9,-4011.0313858916693,10
0.9,-4005.485274780291,10
0.9,-4007.2677817311082,10
0.9,-4005.752503408249,10
0.9,-4009.775498511567,10
0.9,-4006.3706164590926,10
0.9,-4009.27534466268,10
0.9,-4007.253762426265,10
0.9,-4004.578725736645,10
0.9,-4010.7850910039947,10
0.9,-4006.5598125896695,10
0.9,-4008.5536552552444,10
0.9,-4005.040736273311,10
0.9,-4006.817168259904,10
0.9,-4009.4057025715706,10
0.9,-4009.9802760778316,10
0.9,-4007.511836446879,10
0.9,-4010.0311816345356,10
0.9,-4005.853716519301,10
0.9,-4010.05545173057,10
0.9,-4003.7341457184993,10
0.9,-4005.5134408767517,10
0.9,-4002.498939511382,10
1.0,-4009.510813135223,10
1.0,-4006.7180306131736,10
1.0,-4008.3309202789633,10
1.0,-4010.0369228799937,10
1.0,-4014.8252168104545,10
1.0,-4009.3780035365353,10
1.0,-4017.28879225684,10
1.0,-4002.15846887413,10
1.0,-4007.521509789384,10
1.0,-4009.8854339246727,10
1.0,-4009.4110491748934,10
1.0,-4008.5616826089235,10
1.0,-4007.2624921736515,10
1.0,-4008.0329218433217,10
1.0,-4004.264853221741,10
1.0,-4009.654690259492,10
1.0,-4006.5026760446426,10
1.0,-4008.716864301708,10
1.0,-4009.1805934945874,10
1.0,-4010.2804292026995,10
1.0,-4005.4563439196004,10
1.0,-4006.090683632077,10
1.0,-4005.492152871176,10
1.0,-4009.291604485676,10
1.0,-4006.854003707388,10
1.0,-4011.087716709906,10
1.0,-4009.8847111773375,10
1.0,-4006.559355179372,10
1.0,-4005.5974720539884,10
1.0,-4008.4283864636463,10
1.0,-4004.348670991003,10
1.0,-4006.744188532385,10
1.0,-4003.919816491947,10
1.0,-4010.777336178484,10
1.0,-4008.7559238744925,10
1.0,-4000.4325313537615,10
1.0,-4005.449382859731,10
1.0,-4008.8806542809634,10
1.0,-4007.065901220476,10
1.0,-4009.4837610780423,10
1.0,-4012.215320823682,10
1.0,-4006.866188580378,10
1.0,-4008.9856313963164,10
1.0,-4004.907538930722,10
1.0,-4009.678198051319,10
1.0,-4012.1658876785546,10
1.0,-4011.0734031358916,10
1.0,-4010.6668812987477,10
1.0,-4009.71796733694,10
1.0,-4006.0352069398486,10
1.0,-4008.675159344282,10
1.0,-4010.1236653159226,10
1.0,-4005.343652912919,10
1.0,-4005.176976572316,10
1.0,-4005.2916402674055,10
1.0,-4004.7356422065413,10
1.0,-4007.9064491876456,10
1.0,-4008.6231580566573,10
1.0,-4008.1972815954296,10
1.0,-4008.548503338065,10
1.0,-4006.870039139663,10
1.0,-4006.424407110893,10
1.0,-4005.6293176741224,10
1.0,-4006.1719326769603,10
1.0,-4011.7993829595134,10
1.0,-4010.5457805157594,10
1.0,-4010.081254091169,10
1.0,-4006.897439844341,10
1.0,-4008.0445143161833,10
1.0,-3999.1057771622623,10
1.0,-4008.6559188695337,10
1.0,-4006.257638294884,10
1.0,-4009.1369916147346,10
1.0,-4008.4159776531324,10
1.0,-4012.8052111123247,10
1.0,-4011.4666426258113,10
1.0,-4004.3412977924154,10
1.0,-4006.3188953954664,10
1.0,-4004.109233322642,10
1.0,-4007.4110367755934,10
1.0,-4012.9464455931893,10
1.0,-4014.4797663627132,10
1.0,-4008.409418974164,10
1.0,-4005.9572134269965,10
1.0,-4011.7163983902433,10
1.0,-4008.7119394399792,10
1.0,-4008.326337496589,10
1.0,-4000.5840057362802,10
1.0,-4009.6284415486525,10
1.0,-4011.782201999534,10
1.0,-4010.432210339206,10
1.0,-4008.583731217833,10
1.0,-4010.286979377583,10
1.0,-4010.452928508653,10
1.0,-4005.3044842287763,10
1.0,-4007.837621696869,10
1.0,-4008.717458065417,10
1.0,-4017.241957079416,10
1.0,-4013.3052115064534,10
1.0,-4011.013535015851,10
0.1,-4013.699850821498,11
0.1,-4018.369537610555,11
0.1,-4015.229565752678,11
0.1,-4017.6495753579634,11
0.1,-4014.667309944637,11
0.1,-4015.917170355598,11
0.1,-4012.5491493398413,11
0.1,-4013.3476732101094,11
0.1,-4018.432280244968,11
0.1,-4012.9558826740717,11
0.1,-4014.3775973155152,11
0.1,-4014.7469609721115,11
0.1,-4017.461211422089,11
0.1,-4014.8830578795464,11
0.1,-4012.442116048355,11
0.1,-4010.7022896908593,11
0.1,-4018.30376333888,11
0.1,-4016.8115142122874,11
0.1,-4012.058877185156,11
0.1,-4017.3890336338295,11
0.1,-4014.7285757741042,11
0.1,-4016.045127291304,11
0.1,-4017.879199184478,11
0.1,-4013.8746824364584,11
0.1,-4013.7198898195657,11
0.1,-4010.9047961716374,11
0.1,-4011.9960893978023,11
0.1,-4010.234825071298,11
0.1,-4018.2808912784403,11
0.1,-4015.7927563208286,11
0.1,-4014.4327524204396,11
0.1,-4015.625795465344,11
0.1,-4020.1080049483235,11
0.1,-4017.667866312241,11
0.1,-4020.2312439699444,11
0.1,-4010.070127775414,11
0.1,-4010.071008810474,11
0.1,-4013.4846457644967,11
0.1,-4013.2465571903176,11
0.1,-4015.427392716943,11
0.1,-4015.1126807372066,11
0.1,-4017.7185884451987,11
0.1,-4013.6266076304796,11
0.1,-4012.0552999898578,11
0.1,-4017.173968321572,11
0.1,-4016.031494214387,11
0.1,-4014.4705409667,11
0.1,-4013.5840488019435,11
0.1,-4014.5167058562492,11
0.1,-4017.454043127795,11
0.1,-4016.805905063356,11
0.1,-4015.504346739008,11
0.1,-4012.5006076581685,11
0.1,-4014.3809071932487,11
0.1,-4012.751145235024,11
0.1,-4012.899960051943,11
0.1,-4015.7825562566936,11
0.1,-4015.2678334836287,11
0.1,-4018.478190375854,11
0.1,-4013.2285462394675,11
0.1,-4011.846911939239,11
0.1,-4015.8402931975766,11
0.1,-4012.390648502939,11
0.1,-4014.3326598509225,11
0.1,-4015.6365110495067,11
0.1,-4013.720455624515,11
0.1,-4013.8166191938085,11
0.1,-4014.2613898570553,11
0.1,-4016.2926150108883,11
0.1,-4016.171199885853,11
0.1,-4017.768766286322,11
0.1,-4010.239939641597,11
0.1,-4017.5846026090185,11
0.1,-4017.7977460930288,11
0.1,-4014.303354711836,11
0.1,-4014.8602487108105,11
0.1,-4011.5955344035006,11
0.1,-4017.240052556555,11
0.1,-4016.476060673263,11
0.1,-4012.51983607868,11
0.1,-4014.0204166514786,11
0.1,-4018.2443093810825,11
0.1,-4015.0110374520254,11
0.1,-4019.7978214979007,11
0.1,-4017.909839653722,11
0.1,-4012.4688921384077,11
0.1,-4016.2053199861107,11
0.1,-4016.441965588481,11
0.1,-4012.0011231238886,11
0.1,-4015.9351858264786,11
0.1,-4013.9292420015677,11
0.1,-4010.6900570518533,11
0.1,-4017.773014290173,11
0.1,-4012.18620773703,11
0.1,-4014.38425808028,11
0.1,-4014.7892989929637,11
0.1,-4013.9917904104395,11
0.1,-4012.9532761073897,11
0.1,-4014.912128407802,11
0.1,-4016.215185695693,11
0.2,-4016.857173140666,11
0.2,-4019.56879226931,11
0.2,-4018.579299689832,11
0.2,-4013.0648478327134,11
0.2,-4012.822943322327,11
0.2,-4016.525273611142,11
0.2,-4012.469199005866,11
0.2,-4014.513102325106,11
0.2,-4016.3686135329294,11
0.2,-4015.046896311455,11
0.2,-4009.536430688284,11
0.2,-4012.514627234715,11
0.2,-4022.8892875165275,11
0.2,-4010.566291774148,11
0.2,-4014.432793415323,11
0.2,-4013.6765191509094,11
0.2,-4018.3650802241414,11
0.2,-4018.243049876581,11
0.2,-4014.507089313231,11
0.2,-4010.8365532898374,11
0.2,-4013.9253760661445,11
0.2,-4014.607425552726,11
0.2,-4013.112813361983,11
0.2,-4011.804614027441,11
0.2,-4017.243379633394,11
0.2,-4016.2103113696394,11
0.2,-4014.9257829942608,11
0.2,-4013.4868963362114,11
0.2,-4013.9708999789354,11
0.2,-4014.460396528736,11
0.2,-4015.1604505139785,11
0.2,-4016.9946185454996,11
0.2,-4017.812609591935,11
0.2,-4014.566174673641,11
0.2,-4012.8311137130577,11
0.2,-4013.1199524255935,11
0.2,-4012.5642789885105,11
0.2,-4021.8155632305165,11
0.2,-4015.815309676016,11
0.2,-4017.1307782310137,11
0.2,-4013.675808558241,11
0.2,-4009.823584726576,11
0.2,-4015.593246342321,11
0.2,-4014.40331280358,11
0.2,-4014.1393217915356,11
0.2,-4014.6559970430385,11
0.2,-4013.1282943221795,11
0.2,-4016.82561730184,11
0.2,-4011.82569618784,11
0.2,-4014.4195161021707,11
0.2,-4014.0172667662964,11
0.2,-4021.0835392647045,11
0.2,-4014.145317091591,11
0.2,-4016.991324250484,11
0.2,-4015.7781014304664,11
0.2,-4014.8289414965666,11
0.2,-4011.5348067929767,11
0.2,-4013.387182120696,11
0.2,-4013.608978395602,11
0.2,-4016.7877512981736,11
0.2,-4016.0834414187834,11
0.2,-4015.5309157798692,11
0.2,-4018.6101756057005,11
0.2,-4013.7360039893692,11
0.2,-4014.9716552691725,11
0.2,-4018.8967762551933,11
0.2,-4012.078057371339,11
0.2,-4017.330665808271,11
0.2,-4015.2416213032193,11
0.2,-4015.5402151422763,11
0.2,-4012.1367394981507,11
0.2,-4009.8672236513503,11
0.2,-4015.453332564485,11
0.2,-4017.785507344546,11
0.2,-4008.7723291267525,11
0.2,-4015.921812747104,11
0.2,-4017.623896606826,11
0.2,-4016.47912824308,11
0.2,-4015.9481598069215,11
0.2,-4011.1988036000307,11
0.2,-4013.3020485966977,11
0.2,-4018.506943127501,11
0.2,-4018.5499510769514,11
0.2,-4013.5612404452613,11
0.2,-4012.7719441009467,11
0.2,-4014.5795152481933,11
0.2,-4014.309233947422,11
0.2,-4016.5921434610914,11
0.2,-4012.1088069570987,11
0.2,-4010.405017322063,11
0.2,-4020.067730816075,11
0.2,-4018.2166180654594,11
0.2,-4012.3964434637874,11
0.2,-4015.984399112167,11
0.2,-4016.0218463366627,11
0.2,-4012.5805630607856,11
0.2,-4014.6064115573654,11
0.2,-4011.886400475669,11
0.2,-4012.3455902203023,11
0.2,-4013.474640717855,11
0.3,-4010.168399204416,11
0.3,-4017.6318122180974,11
0.3,-4011.9780013675395,11
0.3,-4014.90277800337,11
0.3,-4012.9486937914194,11
0.3,-4017.9405587178694,11
0.3,-4015.8482764637856,11
0.3,-4016.462040295497,11
0.3,-4018.1714293873724,11
0.3,-4010.7471592216907,11
0.3,-4015.595968167242,11
0.3,-4012.5618000045592,11
0.3,-4015.3707908757774,11
0.3,-4015.1088285759943,11
0.3,-4010.5496137955715,11
0.3,-4010.845630377547,11
0.3,-4014.6301275168744,11
0.3,-4018.148983786351,11
0.3,-4016.120691546071,11
0.3,-4012.1088530555357,11
0.3,-4013.889081354254,11
0.3,-4015.972596048328,11
0.3,-4015.217639493134,11
0.3,-4019.074665961577,11
0.3,-4015.0823690551156,11
0.3,-4012.894862422551,11
0.3,-4018.4109810221375,11
0.3,-4017.393171903787,11
0.3,-4015.2641459886695,11
0.3,-4018.4677965095084,11
0.3,-4015.057173433297,11
0.3,-4016.2225764996,11
0.3,-4016.1813115529567,11
0.3,-4011.7733046762874,11
0.3,-4017.1127099025766,11
0.3,-4020.5921951841447,11
0.3,-4015.077724691298,11
0.3,-4013.3072945767804,11
0.3,-4014.4764951142197,11
0.3,-4012.3106154563466,11
0.3,-4012.544269667916,11
0.3,-4012.595741515963,11
0.3,-4015.892406407814,11
0.3,-4012.8390105713984,11
0.3,-4011.9051981531966,11
0.3,-4015.6694635561653,11
0.3,-4015.6925604909347,11
0.3,-4012.791762889944,11
0.3,-4012.7620735226146,11
0.3,-4020.347054144184,11
0.3,-4014.178741882801,11
0.3,-4019.3550288047436,11
0.3,-4017.0369974253867,11
0.3,-4014.52793705169,11
0.3,-4011.0364835772148,11
0.3,-4013.505413304038,11
0.3,-4012.4712098175046,11
0.3,-4017.440668573572,11
0.3,-4015.0584583777836,11
0.3,-4011.8779959018348,11
0.3,-4009.6676472269496,11
0.3,-4015.337617735836,11
0.3,-4016.381457939439,11
0.3,-4016.772201856312,11
0.3,-4018.2182532567736,11
0.3,-4013.6652778853168,11
0.3,-4015.325019170273,11
0.3,-4015.031853576235,11
0.3,-4015.4775255006634,11
0.3,-4012.2510880772384,11
0.3,-4014.3894147101296,11
0.3,-4017.4498578348166,11
0.3,-4013.326636393645,11
0.3,-4014.886700153547,11
0.3,-4014.6313763208836,11
0.3,-4014.490990405493,11
0.3,-4014.7406440135032,11
0.3,-4013.442571574248,11
0.3,-4012.2426788522944,11
0.3,-4015.4901044736207,11
0.3,-4018.877457795477,11
0.3,-4009.215462482896,11
0.3,-4015.920488201406,11
0.3,-4011.3947019166976,11
0.3,-4016.309459717208,11
0.3,-4012.617431101876,11
0.3,-4014.4785821262403,11
0.3,-4017.6768457748126,11
0.3,-4018.880168041444,11
0.3,-4012.9654923137996,11
0.3,-4018.9376536214227,11
0.3,-4013.9077901324936,11
0.3,-4017.5550669812906,11
0.3,-4016.057927474661,11
0.3,-4018.275273588209,11
0.3,-4014.865680799403,11
0.3,-4013.6668568103423,11
0.3,-4014.209352263023,11
0.3,-4012.4142304794746,11
0.3,-4009.4757790854387,11
0.4,-4016.3682315338688,11
0.4,-4018.0304791459494,11
0.4,-4015.1135587673393,11
0.4,-4014.119662815966,11
0.4,-4017.1054823199374,11
0.4,-4012.523709385815,11
0.4,-4014.2217252511164,11
0.4,-4020.7719831049985,11
0.4,-4013.955767075432,11
0.4,-4013.4345300823084,11
0.4,-4011.1023031863656,11
0.4,-4015.738536539896,11
0.4,-4015.3719822690814,11
0.4,-4018.2632726138218,11
0.4,-4017.2889014085317,11
0.4,-4016.400441650203,11
0.4,-4017.756709020815,11
0.4,-4013.66249983046,11
0.4,-4013.1791661573575,11
0.4,-4012.565544393684,11
0.4,-4014.9804329056597,11
0.4,-4015.725297366723,11
0.4,-4011.0659493033813,11
0.4,-4018.50911836295,11
0.4,-4017.5850714132534,11
0.4,-4017.0891769465284,11
0.4,-4016.2964026835957,11
0.4,-4013.082810219623,11
0.4,-4015.493224532602,11
0.4,-4021.683112238565,11
0.4,-4013.700116442506,11
0.4,-4019.6788638457983,11
0.4,-4013.1141165037616,11
0.4,-4017.7459306421506,11
0.4,-4019.422351811666,11
0.4,-4017.04963666811,11
0.4,-4014.644002898614,11
0.4,-4013.906449183063,11
0.4,-4017.1500592152925,11
0.4,-4022.1327581499795,11
0.4,-4013.943260503369,11
0.4,-4016.58921901021,11
0.4,-4016.7320523032777,11
0.4,-4019.196670096574,11
0.4,-4015.864572269045,11
0.4,-4012.8869934907884,11
0.4,-4017.8604089284527,11
0.4,-4016.028423782595,11
0.4,-4013.482048990129,11
0.4,-4016.481799297333,11
0.4,-4013.3653684944557,11
0.4,-4014.036745371375,11
0.4,-4015.941215778692,11
0.4,-4016.4495295244174,11
0.4,-4017.95771909334,11
0.4,-4013.463634106595,11
0.4,-4014.7517154509546,11
0.4,-4015.546914703446,11
0.4,-4015.3396120811312,11
0.4,-4014.4390340909704,11
0.4,-4020.103829623212,11
0.4,-4016.8835662999277,11
0.4,-4010.5565981985133,11
0.4,-4013.2126644488285,11
0.4,-4012.1727137812945,11
0.4,-4014.6072705567854,11
0.4,-4016.3576069506407,11
0.4,-4017.4757020549837,11
0.4,-4016.686523104564,11
0.4,-4014.9464620247213,11
0.4,-4020.9414265764112,11
0.4,-4022.7246663575247,11
0.4,-4012.947612762383,11
0.4,-4016.5054124101553,11
0.4,-4013.3812624701586,11
0.4,-4014.2051472177254,11
0.4,-4018.8853650476754,11
0.4,-4018.035431948822,11
0.4,-4013.005980407658,11
0.4,-4013.284613955877,11
0.4,-4014.0361606316214,11
0.4,-4014.3315668760374,11
0.4,-4017.1014898922235,11
0.4,-4017.0422831176056,11
0.4,-4012.8624188713457,11
0.4,-4012.3420962232894,11
0.4,-4017.866577849617,11
0.4,-4016.976013489146,11
0.4,-4015.3814200412617,11
0.4,-4011.038048820931,11
0.4,-4011.9578747882547,11
0.4,-4016.232744569951,11
0.4,-4016.9297383460375,11
0.4,-4015.8625273991706,11
0.4,-4014.043857390094,11
0.4,-4018.07021006598,11
0.4,-4013.5942106415882,11
0.4,-4016.819293721797,11
0.4,-4016.1735183850296,11
0.4,-4015.4373707220275,11
0.5,-4013.299796361409,11
0.5,-4010.1407321329866,11
0.5,-4016.5602163530934,11
0.5,-4012.6381407606914,11
0.5,-4012.77893814548,11
0.5,-4019.2944546579197,11
0.5,-4015.700139196832,11
0.5,-4013.286903311978,11
0.5,-4018.7454610479294,11
0.5,-4015.5519266581596,11
0.5,-4018.116039611987,11
0.5,-4016.6205567941147,11
0.5,-4014.378705307826,11
0.5,-4013.6488684595392,11
0.5,-4012.244422374894,11
0.5,-4013.1718278459102,11
0.5,-4010.7546113938783,11
0.5,-4016.1576182626923,11
0.5,-4012.547222571414,11
0.5,-4015.465242775767,11
0.5,-4014.9999243910843,11
0.5,-4021.500257891501,11
0.5,-4009.017122919373,11
0.5,-4012.3070063399496,11
0.5,-4014.558220560503,11
0.5,-4014.688206710693,11
0.5,-4019.6457311399026,11
0.5,-4012.3944696516746,11
0.5,-4014.490191026121,11
0.5,-4010.1910432332224,11
0.5,-4014.5619956739943,11
0.5,-4015.705094293582,11
0.5,-4016.0542375912573,11
0.5,-4019.823911814401,11
0.5,-4014.9256195447315,11
0.5,-4015.759101845361,11
0.5,-4015.557610229989,11
0.5,-4018.2224098258816,11
0.5,-4010.6899076696786,11
0.5,-4013.9182025198015,11
0.5,-4014.124871849352,11
0.5,-4015.1526844837144,11
0.5,-4015.2229043186803,11
0.5,-4019.8792082633404,11
0.5,-4019.0639831150097,11
0.5,-4016.0596400709614,11
0.5,-4011.7731460431582,11
0.5,-4019.4735527590597,11
0.5,-4014.752494469855,11
0.5,-4015.9483699626408,11
0.5,-4015.3792548158176,11
0.5,-4018.1379035434807,11
0.5,-4017.860977021522,11
0.5,-4020.864472418285,11
0.5,-4017.7119775681867,11
0.5,-4016.4174928336593,11
0.5,-4018.978821634696,11
0.5,-4009.6304392893157,11
0.5,-4010.1434473739155,11
0.5,-4016.429658569126,11
0.5,-4017.822529118493,11
0.5,-4014.7182438111663,11
0.5,-4016.4999498503653,11
0.5,-4019.5803957423996,11
0.5,-4016.4125621546987,11
0.5,-4018.199454486781,11
0.5,-4016.2748812467858,11
0.5,-4012.660587883183,11
0.5,-4014.49055098898,11
0.5,-4019.117265927872,11
0.5,-4015.443622522267,11
0.5,-4019.042683228613,11
0.5,-4013.9200635159245,11
0.5,-4015.3269309468847,11
0.5,-4007.673920017379,11
0.5,-4010.700799425334,11
0.5,-4011.7237316549044,11
0.5,-4015.0311492992514,11
0.5,-4013.190279919436,11
0.5,-4011.972816607737,11
0.5,-4017.0518817872335,11
0.5,-4014.3126826983785,11
0.5,-4013.9449268305016,11
0.5,-4018.2636785524123,11
0.5,-4011.780961686477,11
0.5,-4016.083355151639,11
0.5,-4015.0725889366668,11
0.5,-4019.4698806106107,11
0.5,-4018.444101732229,11
0.5,-4011.3070866541607,11
0.5,-4015.054472152029,11
0.5,-4016.834529933028,11
0.5,-4014.535670943715,11
0.5,-4015.326769318506,11
0.5,-4011.332786065182,11
0.5,-4013.558578466921,11
0.5,-4010.6197266072772,11
0.5,-4017.9165098013173,11
0.5,-4007.311359962613,11
0.5,-4017.125669894906,11
0.6,-4014.930559353039,11
0.6,-4016.87370258138,11
0.6,-4013.6624962265178,11
0.6,-4013.611664421562,11
0.6,-4016.4829726261105,11
0.6,-4012.06938860465,11
0.6,-4014.7226442277397,11
0.6,-4011.5572738702563,11
0.6,-4011.799430912209,11
0.6,-4015.5170935466176,11
0.6,-4014.235763413252,11
0.6,-4019.8820178139504,11
0.6,-4014.295228055407,11
0.6,-4014.2941762501077,11
0.6,-4017.252496136953,11
0.6,-4011.6390869840875,11
0.6,-4017.588521954697,11
0.6,-4018.8903600156805,11
0.6,-4019.5688707221016,11
0.6,-4013.9478971746803,11
0.6,-4017.930484711781,11
0.6,-4012.5178960953567,11
0.6,-4019.7647926364793,11
0.6,-4015.7004621098886,11
0.6,-4019.2139099818905,11
0.6,-4014.4755042597617,11
0.6,-4014.3451279690303,11
0.6,-4015.5886103114553,11
0.6,-4010.6479408651385,11
0.6,-4016.453455435686,11
0.6,-4018.5973115415995,11
0.6,-4013.4559365117216,11
0.6,-4011.2388124873182,11
0.6,-4013.455449238784,11
0.6,-4015.5569713742098,11
0.6,-4014.481509654259,11
0.6,-4016.199730698537,11
0.6,-4013.2228428339135,11
0.6,-4017.397611335002,11
0.6,-4017.7919454994662,11
0.6,-4012.9075338394587,11
0.6,-4016.247385042226,11
0.6,-4018.1756078790336,11
0.6,-4018.193598536935,11
0.6,-4019.7660427866426,11
0.6,-4014.9669494272093,11
0.6,-4018.8377118415797,11
0.6,-4013.6432818336766,11
0.6,-4015.0448994489257,11
0.6,-4010.704540280888,11
0.6,-4016.950582594364,11
0.6,-4018.3453205724386,11
0.6,-4013.259538660191,11
0.6,-4011.383915809855,11
0.6,-4012.636889041139,11
0.6,-4015.980395748639,11
0.6,-4013.1635930386824,11
0.6,-4016.4590750247403,11
0.6,-4018.6255922700784,11
0.6,-4013.1261536628717,11
0.6,-4008.6230821726035,11
0.6,-4016.378832297964,11
0.6,-4016.1486116951414,11
0.6,-4014.0224239520694,11
0.6,-4017.490854865045,11
0.6,-4021.7246301913915,11
0.6,-4014.0494833539183,11
0.6,-4016.421114728039,11
0.6,-4013.8858485169244,11
0.6,-4018.167601981729,11
0.6,-4014.943325482498,11
0.6,-4018.542853004833,11
0.6,-4016.0806366927427,11
0.6,-4015.456416895169,11
0.6,-4014.1424343157596,11
0.6,-4014.7229013499345,11
0.6,-4011.8768741464655,11
0.6,-4015.4527553411363,11
0.6,-4014.1394176945364,11
0.6,-4016.569982129295,11
0.6,-4014.2188926480353,11
0.6,-4019.5542349154985,11
0.6,-4016.1650219191156,11
0.6,-4017.6762971822072,11
0.6,-4015.9531482208904,11
0.6,-4010.8518063879756,11
0.6,-4014.8429165099415,11
0.6,-4015.1967513903523,11
0.6,-4013.2492712494086,11
0.6,-4014.2753365730555,11
0.6,-4016.117697354522,11
0.6,-4013.287744704142,11
0.6,-4015.3207579251266,11
0.6,-4012.204989335587,11
0.6,-4011.8965760510087,11
0.6,-4015.23704878713,11
0.6,-4013.4247561733805,11
0.6,-4015.777757867855,11
0.6,-4018.4734348821944,11
0.6,-4013.8618135854554,11
0.7,-4012.114896358736,11
0.7,-4017.612588719934,11
0.7,-4021.7401303886345,11
0.7,-4016.507864679102,11
0.7,-4015.326288991477,11
0.7,-4019.0946950649154,11
0.7,-4013.5990968849924,11
0.7,-4016.145837241973,11
0.7,-4015.4048433981425,11
0.7,-4017.9421778807414,11
0.7,-4014.7209492910897,11
0.7,-4014.2943258686537,11
0.7,-4017.1684063476896,11
0.7,-4014.0354607896293,11
0.7,-4015.9391993281797,11
0.7,-4022.5356957348067,11
0.7,-4020.6982281547184,11
0.7,-4018.074746445795,11
0.7,-4018.3007058561657,11
0.7,-4013.8692279215666,11
0.7,-4020.2143398994176,11
0.7,-4013.088491693768,11
0.7,-4014.2579024683355,11
0.7,-4015.4651346294613,11
0.7,-4019.6323347152675,11
0.7,-4014.2569142663565,11
0.7,-4017.872478420659,11
0.7,-4016.7865004390305,11
0.7,-4016.4061058575544,11
0.7,-4015.8116400581225,11
0.7,-4015.9632185904234,11
0.7,-4011.546047521479,11
0.7,-4014.325044490705,11
0.7,-4013.437839019901,11
0.7,-4013.602359906846,11
0.7,-4014.7545061267824,11
0.7,-4015.3368416899216,11
0.7,-4014.5660178981548,11
0.7,-4015.709094117739,11
0.7,-4016.6232750192235,11
0.7,-4016.6686071561817,11
0.7,-4017.2367027772043,11
0.7,-4019.1848250859694,11
0.7,-4019.46502881757,11
0.7,-4009.3920565520148,11
0.7,-4020.144129371021,11
0.7,-4015.668374761905,11
0.7,-4013.1579450701443,11
0.7,-4010.9372291366058,11
0.7,-4014.777209709799,11
0.7,-4017.0637525722746,11
0.7,-4017.0020273136247,11
0.7,-4015.56008358505,11
0.7,-4012.939357820404,11
0.7,-4015.3562820410066,11
0.7,-4014.601261035742,11
0.7,-4016.2377309898343,11
0.7,-4012.000733201124,11
0.7,-4013.591887965592,11
0.7,-4010.294570906002,11
0.7,-4015.8222080159658,11
0.7,-4014.416467236404,11
0.7,-4020.0508161880357,11
0.7,-4012.8568466711095,11
0.7,-4018.1276356748913,11
0.7,-4010.322438034658,11
0.7,-4020.229263592614,11
0.7,-4017.1070244835705,11
0.7,-4016.000055116299,11
0.7,-4014.4504386974004,11
0.7,-4016.969228653843,11
0.7,-4018.127273105761,11
0.7,-4016.1497969520215,11
0.7,-4014.0458727892915,11
0.7,-4016.324460974849,11
0.7,-4017.345251603061,11
0.7,-4014.9903397347225,11
0.7,-4015.0943299061146,11
0.7,-4014.1375475412583,11
0.7,-4012.745481606177,11
0.7,-4017.2265885605957,11
0.7,-4014.8892245988854,11
0.7,-4015.5525519789403,11
0.7,-4014.286506281957,11
0.7,-4014.4101517360455,11
0.7,-4018.973962819378,11
0.7,-4012.8029003777424,11
0.7,-4014.357447950426,11
0.7,-4012.66132902612,11
0.7,-4013.8358004590436,11
0.7,-4015.8557666027245,11
0.7,-4016.3862865807923,11
0.7,-4017.278373334383,11
0.7,-4017.2831637815048,11
0.7,-4015.279644935779,11
0.7,-4016.7816193544522,11
0.7,-4015.711466333902,11
0.7,-4020.7645893748872,11
0.7,-4011.229187547817,11
0.7,-4017.6411343385557,11
0.8,-4016.464367316512,11
0.8,-4014.6620874467835,11
0.8,-4019.860128219838,11
0.8,-4016.6000796680164,11
0.8,-4014.0254527003553,11
0.8,-4017.307471953681,11
0.8,-4014.3221490863584,11
0.8,-4016.3915983507995,11
0.8,-4018.3769180122686,11
0.8,-4014.239803405266,11
0.8,-4012.851043628329,11
0.8,-4012.2729053052462,11
0.8,-4021.754032704793,11
0.8,-4015.02285315493,11
0.8,-4018.3856496689787,11
0.8,-4013.1708651158133,11
0.8,-4015.421078414106,11
0.8,-4022.0822524624255,11
0.8,-4014.5997652291967,11
0.8,-4015.4811702731254,11
0.8,-4013.1904333171024,11
0.8,-4014.5217884794242,11
0.8,-4015.4562100889434,11
0.8,-4014.7112056501805,11
0.8,-4011.4773066444136,11
0.8,-4017.1241389378897,11
0.8,-4013.2965333809293,11
0.8,-4010.811757478507,11
0.8,-4019.6601665891344,11
0.8,-4015.589402270454,11
0.8,-4020.5097414967663,11
0.8,-4016.1230131636125,11
0.8,-4011.9623083973543,11
0.8,-4015.4007692058453,11
0.8,-4016.332484034019,11
0.8,-4013.1355384876542,11
0.8,-4016.95551587748,11
0.8,-4016.3930039436514,11
0.8,-4013.3392439447493,11
0.8,-4014.3895962091647,11
0.8,-4016.7136681245674,11
0.8,-4018.47586620178,11
0.8,-4014.276375382593,11
0.8,-4016.9649872988994,11
0.8,-4015.442312036711,11
0.8,-4017.038953869175,11
0.8,-4013.0466090441046,11
0.8,-4017.975841989016,11
0.8,-4020.537145009247,11
0.8,-4017.0219673852775,11
0.8,-4011.3864921639943,11
0.8,-4014.2759242553507,11
0.8,-4016.868547218134,11
0.8,-4016.725369038492,11
0.8,-4020.098473755623,11
0.8,-4012.766097097875,11
0.8,-4009.9824542301135,11
0.8,-4013.276536567039,11
0.8,-4013.9351641553985,11
0.8,-4012.579487723716,11
0.8,-4015.7837028138715,11
0.8,-4013.6896633242004,11
0.8,-4020.965635281824,11
0.8,-4016.126695943037,11
0.8,-4014.6076664581265,11
0.8,-4010.6623453145007,11
0.8,-4014.466539423893,11
0.8,-4014.742086913717,11
0.8,-4015.0026032520186,11
0.8,-4013.5223512838156,11
0.8,-4011.072190934602,11
0.8,-4016.0148138859427,11
0.8,-4013.0119853712636,11
0.8,-4012.081367248134,11
0.8,-4010.9846307173766,11
0.8,-4019.761799232195,11
0.8,-4020.9159896011092,11
0.8,-4013.6631918930484,11
0.8,-4011.812216163998,11
0.8,-4012.77065803652,11
0.8,-4011.4560196565635,11
0.8,-4014.719486114861,11
0.8,-4016.020533386587,11
0.8,-4020.192370494362,11
0.8,-4018.1816439936524,11
0.8,-4018.567042535879,11
0.8,-4015.027035918931,11
0.8,-4017.527710527222,11
0.8,-4018.256798185838,11
0.8,-4017.6393713171515,11
0.8,-4016.218945448883,11
0.8,-4014.7283782223462,11
0.8,-4016.9496561675846,11
0.8,-4013.620027377717,11
0.8,-4021.6572764604625,11
0.8,-4014.3701617694146,11
0.8,-4014.2377843317945,11
0.8,-4015.7136695932086,11
0.8,-4012.7529747222316,11
0.8,-4016.28079183045,11
0.9,-4015.381291273142,11
0.9,-4018.4922026533513,11
0.9,-4018.889404772969,11
0.9,-4015.659355166892,11
0.9,-4016.999974463099,11
0.9,-4012.5111297433855,11
0.9,-4015.3261813673453,11
0.9,-4014.309403534727,11
0.9,-4014.402049880777,11
0.9,-4014.133406389801,11
0.9,-4013.945464457643,11
0.9,-4014.579332571111,11
0.9,-4010.929727276997,11
0.9,-4015.5630528503634,11
0.9,-4018.0127701657216,11
0.9,-4013.873489141883,11
0.9,-4012.3346820444353,11
0.9,-4018.9446654680987,11
0.9,-4019.0951938023322,11
0.9,-4016.0842247355395,11
0.9,-4013.6987427471786,11
0.9,-4012.945212542864,11
0.9,-4014.88413653216,11
0.9,-4014.6022307452126,11
0.9,-4013.033538249797,11
0.9,-4018.845260277716,11
0.9,-4011.66829072069,11
0.9,-4015.246363976513,11
0.9,-4016.29316747989,11
0.9,-4016.1788002005924,11
0.9,-4012.2481584355205,11
0.9,-4011.153006663678,11
0.9,-4016.219921842965,11
0.9,-4013.3312479723336,11
0.9,-4015.4757587230683,11
0.9,-4015.1142060507273,11
0.9,-4017.2655335795816,11
0.9,-4014.758299487115,11
0.9,-4013.0948351809548,11
0.9,-4009.666891765302,11
0.9,-4014.19468280129,11
0.9,-4014.5961743260627,11
0.9,-4012.24952294413,11
0.9,-4015.254165766681,11
0.9,-4017.0718879035085,11
0.9,-4015.4822722157264,11
0.9,-4015.1026740226216,11
0.9,-4013.176557954222,11
0.9,-4015.1735933528366,11
0.9,-4014.9794236576445,11
0.9,-4008.1868716743297,11
0.9,-4014.088771503506,11
0.9,-4015.2498627694636,11
0.9,-4012.3999535823104,11
0.9,-4014.1269901420237,11
0.9,-4008.864486979647,11
0.9,-4011.2659213539573,11
0.9,-4015.493122640288,11
0.9,-4011.3406227101545,11
0.9,-4014.238193362689,11
0.9,-4017.1539108720226,11
0.9,-4013.3469932129906,11
0.9,-4014.23110369273,11
0.9,-4015.7422676925416,11
0.9,-4011.733507704682,11
0.9,-4013.3586249472773,11
0.9,-4011.202100952836,11
0.9,-4011.3655608766826,11
0.9,-4016.0612015058355,11
0.9,-4014.100491068649,11
0.9,-4013.0585546616703,11
0.9,-4014.953473534239,11
0.9,-4015.802632242339,11
0.9,-4013.073010704299,11
0.9,-4014.5423608060064,11
0.9,-4012.7874571581688,11
0.9,-4018.935911756754,11
0.9,-4016.9791484035404,11
0.9,-4011.281497354783,11
0.9,-4014.6393233478443,11
0.9,-4014.1865990748643,11
0.9,-4015.282392263005,11
0.9,-4016.5775115947017,11
0.9,-4019.401760997083,11
0.9,-4016.1536782843327,11
0.9,-4013.0327156276853,11
0.9,-4014.594214901887,11
0.9,-4013.741461889167,11
0.9,-4017.264085299289,11
0.9,-4020.0661734225737,11
0.9,-4016.4983458385095,11
0.9,-4014.2453948328484,11
0.9,-4016.0282870147457,11
0.9,-4015.12660855094,11
0.9,-4014.2569541640582,11
0.9,-4014.15516651917,11
0.9,-4013.4930569164844,11
0.9,-4016.54314518946,11
0.9,-4014.3146155717723,11
0.9,-4010.8537278501526,11
1.0,-4021.084526200958,11
1.0,-4008.676964252028,11
1.0,-4012.6976078737134,11
1.0,-4017.4518692913084,11
1.0,-4015.1842705465324,11
1.0,-4016.7402333381146,11
1.0,-4013.4524450401577,11
1.0,-4018.0356816009835,11
1.0,-4015.3536632760924,11
1.0,-4014.1503551678156,11
1.0,-4011.7205390083254,11
1.0,-4017.0917469661476,11
1.0,-4011.914074982532,11
1.0,-4015.4887202478567,11
1.0,-4012.661803815584,11
1.0,-4013.6000585128418,11
1.0,-4018.015074708379,11
1.0,-4017.800471063465,11
1.0,-4015.734849536347,11
1.0,-4020.166355729133,11
1.0,-4015.000636540707,11
1.0,-4016.1580368858977,11
1.0,-4016.343490575405,11
1.0,-4015.2813264669608,11
1.0,-4014.1247182277375,11
1.0,-4012.8250495226252,11
1.0,-4018.1830050650406,11
1.0,-4014.105579353301,11
1.0,-4010.2062299369722,11
1.0,-4014.7942811256275,11
1.0,-4013.5548265115667,11
1.0,-4013.6208489492037,11
1.0,-4018.1270125763986,11
1.0,-4012.2396280313383,11
1.0,-4015.5675554684053,11
1.0,-4012.756468720333,11
1.0,-4009.6961309485937,11
1.0,-4019.5300395838126,11
1.0,-4028.5914746789663,11
1.0,-4015.4699864755194,11
1.0,-4012.5408614693606,11
1.0,-4013.884377425977,11
1.0,-4014.931720057137,11
1.0,-4014.2341850362823,11
1.0,-4014.1427912555932,11
1.0,-4017.287326563148,11
1.0,-4011.3065976223484,11
1.0,-4013.9000068087407,11
1.0,-4016.194649836577,11
1.0,-4018.6679297910146,11
1.0,-4017.9788364575807,11
1.0,-4015.609519869243,11
1.0,-4015.711294772095,11
1.0,-4016.4643078033464,11
1.0,-4018.682399663744,11
1.0,-4017.6070543108667,11
1.0,-4014.825919907908,11
1.0,-4019.488562057933,11
1.0,-4018.8088420204595,11
1.0,-4011.2379282292845,11
1.0,-4011.3317797615323,11
1.0,-4014.906750077607,11
1.0,-4017.1572950510285,11
1.0,-4011.16592284339,11
1.0,-4016.865448921051,11
1.0,-4012.6168997132527,11
1.0,-4011.811896404703,11
1.0,-4018.813069120962,11
1.0,-4012.0580644917427,11
1.0,-4011.905402306748,11
1.0,-4015.8113822457335,11
1.0,-4016.3012632134146,11
1.0,-4013.5441845207715,11
1.0,-4012.4328471167614,11
1.0,-4017.1289167959058,11
1.0,-4013.1184300624877,11
1.0,-4015.9544933767415,11
1.0,-4015.088732686037,11
1.0,-4014.3074982386324,11
1.0,-4019.2209281978517,11
1.0,-4010.9197579531387,11
1.0,-4017.4994799289198,11
1.0,-4017.2179044335767,11
1.0,-4016.4695247568548,11
1.0,-4012.4322031119327,11
1.0,-4015.860012684465,11
1.0,-4013.608425767429,11
1.0,-4012.6359018625812,11
1.0,-4014.824492651753,11
1.0,-4014.1128053765797,11
1.0,-4015.703597097948,11
1.0,-4014.4551009194797,11
1.0,-4020.4579495865355,11
1.0,-4017.892929438897,11
1.0,-4015.1215193396515,11
1.0,-4015.622813549613,11
1.0,-4016.1387051334955,11
1.0,-4012.026102923583,11
1.0,-4015.1977844611706,11
1.0,-4014.2383614419646,11
0.1,-4019.599844239852,12
0.1,-4021.573782726844,12
0.1,-4023.5669855218935,12
0.1,-4026.4444565082194,12
0.1,-4023.300403735312,12
0.1,-4022.8535755779394,12
0.1,-4021.170109743805,12
0.1,-4022.6868616434613,12
0.1,-4026.2087769801533,12
0.1,-4020.019923305013,12
0.1,-4017.756089288443,12
0.1,-4022.061852960399,12
0.1,-4023.043442036701,12
0.1,-4021.3380244507875,12
0.1,-4019.540070915808,12
0.1,-4021.439095355572,12
0.1,-4024.363207999388,12
0.1,-4024.3301981958343,12
0.1,-4017.605911576519,12
0.1,-4022.2570332655764,12
0.1,-4019.5375971883577,12
0.1,-4022.9533294830626,12
0.1,-4027.724821426235,12
0.1,-4024.481654624065,12
0.1,-4027.427545254465,12
0.1,-4019.7914315297694,12
0.1,-4017.242274569193,12
0.1,-4023.7651902256434,12
0.1,-4024.4970039119476,12
0.1,-4019.6368360181996,12
0.1,-4024.3035686556063,12
0.1,-4025.0981856983553,12
0.1,-4023.413337583034,12
0.1,-4018.6986852213113,12
0.1,-4021.92410989329,12
0.1,-4027.807260136502,12
0.1,-4020.1063574920368,12
0.1,-4023.0823084737203,12
0.1,-4024.1833402490247,12
0.1,-4019.32201769613,12
0.1,-4021.0814359924957,12
0.1,-4024.8900181924923,12
0.1,-4025.917879464739,12
0.1,-4023.4789947972936,12
0.1,-4024.573424032553,12
0.1,-4018.07115012384,12
0.1,-4025.639227657275,12
0.1,-4025.6925984087075,12
0.1,-4025.0126874995235,12
0.1,-4021.3178189328155,12
0.1,-4024.6582303052082,12
0.1,-4026.1429434174606,12
0.1,-4021.1217713415404,12
0.1,-4024.547702281079,12
0.1,-4024.2309578134204,12
0.1,-4022.209509544656,12
0.1,-4020.5656959626754,12
0.1,-4020.039224899775,12
0.1,-4022.7978203298944,12
0.1,-4023.8940784828837,12
0.1,-4023.5968530188948,12
0.1,-4023.0555176643643,12
0.1,-4018.238575147263,12
0.1,-4018.946791230235,12
0.1,-4016.968930870121,12
0.1,-4026.2448871950037,12
0.1,-4023.445837735603,12
0.1,-4026.2554990510316,12
0.1,-4021.804984849402,12
0.1,-4024.6000450359484,12
0.1,-4015.4577253046255,12
0.1,-4023.9578501878073,12
0.1,-4021.933210000129,12
0.1,-4020.40183745531,12
0.1,-4023.2484172810164,12
0.1,-4020.989335198972,12
0.1,-4028.4562424803216,12
0.1,-4024.620003412608,12
0.1,-4027.316443821865,12
0.1,-4019.218002108694,12
0.1,-4022.9379102589696,12
0.1,-4020.7147982545084,12
0.1,-4022.6818563579786,12
0.1,-4027.461211075008,12
0.1,-4019.16608342521,12
0.1,-4026.4276617462765,12
0.1,-4025.2631131862113,12
0.1,-4019.036247280223,12
0.1,-4023.00559186555,12
0.1,-4021.3872767420253,12
0.1,-4024.5686675296256,12
0.1,-4024.3066010186294,12
0.1,-4022.6463085271557,12
0.1,-4022.2748582728586,12
0.1,-4023.864305439283,12
0.1,-4017.1574343186885,12
0.1,-4024.6066410743183,12
0.1,-4022.6656582839814,12
0.1,-4018.659042878735,12
0.1,-4029.3910941299387,12
0.2,-4018.6513054490074,12
0.2,-4027.40164580555,12
0.2,-4025.6914995996567,12
0.2,-4022.7997965355585,12
0.2,-4020.403341217445,12
0.2,-4024.9430814354528,12
0.2,-4022.8773062602168,12
0.2,-4025.9237536814494,12
0.2,-4018.581351329867,12
0.2,-4024.6936863970673,12
0.2,-4023.7597440630634,12
0.2,-4023.2061782460514,12
0.2,-4025.539912593612,12
0.2,-4024.787346715453,12
0.2,-4023.822328303739,12
0.2,-4019.4437954243735,12
0.2,-4024.817514773403,12
0.2,-4024.849479852,12
0.2,-4021.4957767997803,12
0.2,-4023.335060974422,12
0.2,-4018.2257820209757,12
0.2,-4021.6002332891812,12
0.2,-4024.0097948313205,12
0.2,-4021.392081693003,12
0.2,-4022.4620473112423,12
0.2,-4024.5409619724664,12
0.2,-4020.815065205788,12
0.2,-4021.347921772023,12
0.2,-4021.214104161332,12
0.2,-4021.4850793136507,12
0.2,-4023.423601013224,12
0.2,-4020.071232848356,12
0.2,-4020.237918221361,12
0.2,-4022.337887793495,12
0.2,-4019.156306140447,12
0.2,-4022.747173279326,12
0.2,-4022.18653322768,12
0.2,-4024.357789224594,12
0.2,-4023.9686432929675,12
0.2,-4023.403554841982,12
0.2,-4018.4521781359576,12
0.2,-4023.0571819546203,12
0.2,-4018.6232748229377,12
0.2,-4024.220446549001,12
0.2,-4023.9438072960825,12
0.2,-4022.892259173566,12
0.2,-4026.114556011096,12
0.2,-4027.2051508896952,12
0.2,-4022.7717809074247,12
0.2,-4017.8995582808298,12
0.2,-4022.1155922159105,12
0.2,-4019.017496321434,12
0.2,-4025.2859750648327,12
0.2,-4017.0166857576587,12
0.2,-4024.0809617564773,12
0.2,-4024.051199890694,12
0.2,-4022.0332968491402,12
0.2,-4021.4403127980045,12
0.2,-4026.047941793661,12
0.2,-4022.6000972277584,12
0.2,-4020.586935557743,12
0.2,-4026.3352018165674,12
0.2,-4022.36047858722,12
0.2,-4022.506537466462,12
0.2,-4017.963456917003,12
0.2,-4029.0408350887724,12
0.2,-4020.4072755223438,12
0.2,-4022.6093214122975,12
0.2,-4021.7136792135207,12
0.2,-4022.373117700442,12
0.2,-4021.5133820165074,12
0.2,-4021.102134659591,12
0.2,-4022.8659363615534,12
0.2,-4023.5560610949296,12
0.2,-4018.9897989742994,12
0.2,-4023.320125323188,12
0.2,-4023.2931919153093,12
0.2,-4017.396371862646,12
0.2,-4025.3733143131835,12
0.2,-4025.8753730699586,12
0.2,-4020.017045425975,12
0.2,-4026.413654388366,12
0.2,-4022.3445010578757,12
0.2,-4020.821200943213,12
0.2,-4022.3296147084543,12
0.2,-4024.887895451155,12
0.2,-4020.1534926753716,12
0.2,-4026.0102660368125,12
0.2,-4020.3485395511866,12
0.2,-4026.8220827537166,12
0.2,-4026.739405739566,12
0.2,-4020.8852730923813,12
0.2,-4019.734074623953,12
0.2,-4023.3443935480295,12
0.2,-4017.661233418761,12
0.2,-4020.0418298917207,12
0.2,-4020.4058259258763,12
0.2,-4027.2429742576555,12
0.2,-4024.3754345719203,12
0.2,-4022.397390918731,12
0.3,-4018.879726932348,12
0.3,-4022.6961969251693,12
0.3,-4021.111953493197,12
0.3,-4022.9042537538285,12
0.3,-4023.1671165071225,12
0.3,-4029.8595235858284,12
0.3,-4019.7302748508696,12
0.3,-4016.4962134284483,12
0.3,-4020.856337390712,12
0.3,-4022.3689539257284,12
0.3,-4020.035707769848,12
0.3,-4020.30090830111,12
0.3,-4021.625070125517,12
0.3,-4020.7746245200824,12
0.3,-4023.8063748794048,12
0.3,-4025.7875001330885,12
0.3,-4022.6727749109477,12
0.3,-4023.8374932132474,12
0.3,-4023.8213692356194,12
0.3,-4022.6510068722287,12
0.3,-4021.074390470205,12
0.3,-4020.2513430610584,12
0.3,-4019.7804026659273,12
0.3,-4025.0613568563904,12
0.3,-4022.0577616264945,12
0.3,-4018.522761130461,12
0.3,-4021.5813792929202,12
0.3,-4024.9604306079027,12
0.3,-4019.933711272446,12
0.3,-4022.6471080823926,12
0.3,-4025.309265122791,12
0.3,-4020.285709952025,12
0.3,-4025.33657160555,12
0.3,-4022.0091753658617,12
0.3,-4016.285551163195,12
0.3,-4023.8369336800097,12
0.3,-4022.615095056384,12
0.3,-4023.0519517041175,12
0.3,-4026.9154635884397,12
0.3,-4024.489557496187,12
0.3,-4019.5776431207137,12
0.3,-4022.2792198482794,12
0.3,-4022.4271859758046,12
0.3,-4024.0605010053555,12
0.3,-4018.787489435119,12
0.3,-4024.0458244791535,12
0.3,-4019.633890744619,12
0.3,-4020.764065689925,12
0.3,-4019.9078664547274,12
0.3,-4022.4124131414546,12
0.3,-4019.7601470061836,12
0.3,-4021.955501875911,12
0.3,-4022.5067372681533,12
0.3,-4025.020912486754,12
0.3,-4026.2661329061207,12
0.3,-4024.9392490252417,12
0.3,-4019.749058545968,12
0.3,-4025.8156888048557,12
0.3,-4019.512798608201,12
0.3,-4024.2453642176793,12
0.3,-4023.822212777781,12
0.3,-4021.680858564595,12
0.3,-4026.10944673902,12
0.3,-4025.224758207138,12
0.3,-4024.3824226521374,12
0.3,-4022.3338808138155,12
0.3,-4021.8029245767375,12
0.3,-4018.552580395298,12
0.3,-4023.045294260637,12
0.3,-4019.0353505630096,12
0.3,-4021.927199597923,12
0.3,-4025.0643370032503,12
0.3,-4019.261683718279,12
0.3,-4020.940298623238,12
0.3,-4018.857102854776,12
0.3,-4016.2505489415585,12
0.3,-4022.3093287868455,12
0.3,-4025.0516899125723,12
0.3,-4020.416888254062,12
0.3,-4017.8964990552417,12
0.3,-4022.23227266804,12
0.3,-4022.141484100906,12
0.3,-4019.7919068912615,12
0.3,-4022.815925339049,12
0.3,-4020.900645360387,12
0.3,-4020.0561915397657,12
0.3,-4022.966279910943,12
0.3,-4026.3401511776838,12
0.3,-4019.7563908908323,12
0.3,-4022.177991759929,12
0.3,-4020.2670547405364,12
0.3,-4015.2406054168814,12
0.3,-4023.14664881409,12
0.3,-4025.449422827988,12
0.3,-4026.7860503231923,12
0.3,-4020.0892374646423,12
0.3,-4023.2860324047438,12
0.3,-4026.009623264241,12
0.3,-4021.300667059919,12
0.3,-4022.8978930187877,12
0.4,-4025.6167203303808,12
0.4,-4022.746355412497,12
0.4,-4022.95333879381,12
0.4,-4024.157780199927,12
0.4,-4023.6089848430847,12
0.4,-4025.2479446795564,12
0.4,-4024.6975541814736,12
0.4,-4026.602032746,12
0.4,-4023.7237421552654,12
0.4,-4026.1661714808165,12
0.4,-4024.464439462193,12
0.4,-4020.5615319213575,12
0.4,-4020.1667570821123,12
0.4,-4024.0980186429556,12
0.4,-4021.298808122167,12
0.4,-4025.191222407406,12
0.4,-4026.4532704116486,12
0.4,-4021.8626108090693,12
0.4,-4024.4336815548836,12
0.4,-4021.9052021561783,12
0.4,-4024.6824895562604,12
0.4,-4021.880308993129,12
0.4,-4021.552920416222,12
0.4,-4025.1319434058155,12
0.4,-4020.8656345309487,12
0.4,-4019.354254846846,12
0.4,-4021.5656314881685,12
0.4,-4023.9089411026907,12
0.4,-4025.818302850629,12
0.4,-4025.2240036128997,12
0.4,-4027.2909088697147,12
0.4,-4022.963955826823,12
0.4,-4020.5908708647175,12
0.4,-4022.0284252247266,12
0.4,-4020.701926474627,12
0.4,-4025.8902129265834,12
0.4,-4021.266822856099,12
0.4,-4019.0721660186455,12
0.4,-4021.887309333529,12
0.4,-4023.288374374979,12
0.4,-4023.5331521546364,12
0.4,-4022.592314030039,12
0.4,-4025.789826094069,12
0.4,-4024.452512828005,12
0.4,-4018.3015154882983,12
0.4,-4030.0197547539847,12
0.4,-4024.5749930722363,12
0.4,-4022.728936357824,12
0.4,-4022.392056429406,12
0.4,-4019.864988763691,12
0.4,-4018.416908950656,12
0.4,-4023.7426389265565,12
0.4,-4021.8351858303545,12
0.4,-4024.311464953837,12
0.4,-4025.3182946442125,12
0.4,-4020.7374038609855,12
0.4,-4025.6944280535936,12
0.4,-4021.0296384023886,12
0.4,-4023.4322891820525,12
0.4,-4024.8641906557027,12
0.4,-4020.2219808801815,12
0.4,-4017.6988225248647,12
0.4,-4024.400573369702,12
0.4,-4025.739229001095,12
0.4,-4022.251968529115,12
0.4,-4022.168242930571,12
0.4,-4024.7348338459806,12
0.4,-4022.138262988562,12
0.4,-4023.4683873699046,12
0.4,-4023.897932162814,12
0.4,-4020.724068250357,12
0.4,-4020.7972119415886,12
0.4,-4026.375604108504,12
0.4,-4025.7810647542015,12
0.4,-4021.4564725932437,12
0.4,-4026.9841353047173,12
0.4,-4024.3991714378344,12
0.4,-4022.9384242446285,12
0.4,-4023.032293187904,12
0.4,-4026.8768554428443,12
0.4,-4024.402738541295,12
0.4,-4021.807343518575,12
0.4,-4021.675517149242,12
0.4,-4025.458958671528,12
0.4,-4023.9814648190227,12
0.4,-4020.4678792917757,12
0.4,-4026.0605903238775,12
0.4,-4021.0149984094683,12
0.4,-4028.9382230998376,12
0.4,-4023.224325707608,12
0.4,-4024.6530651290427,12
0.4,-4025.6666716174113,12
0.4,-4021.79448597583,12
0.4,-4021.520212971433,12
0.4,-4021.5263141440655,12
0.4,-4020.8252083986577,12
0.4,-4024.442084400833,12
0.4,-4026.184693057398,12
0.4,-4026.334888828565,12
0.4,-4023.3531859199147,12
0.5,-4019.094968180008,12
0.5,-4020.4690180696693,12
0.5,-4026.5362141855426,12
0.5,-4017.610259247007,12
0.5,-4023.962009398885,12
0.5,-4027.070620857816,12
0.5,-4023.8051876143254,12
0.5,-4025.719840257538,12
0.5,-4022.72846888705,12
0.5,-4023.2556707081203,12
0.5,-4022.7130580351486,12
0.5,-4022.8263939466874,12
0.5,-4023.737750250737,12
0.5,-4022.5105057381693,12
0.5,-4028.4582393412743,12
0.5,-4020.7185510327995,12
0.5,-4021.092240817907,12
0.5,-4024.183006567061,12
0.5,-4018.833254105708,12
0.5,-4023.266927707812,12
0.5,-4020.4866671210943,12
0.5,-4021.8296539389403,12
0.5,-4024.140104317478,12
0.5,-4023.177143985416,12
0.5,-4021.5401904934597,12
0.5,-4021.0829422486895,12
0.5,-4020.1705375683737,12
0.5,-4019.4443655442706,12
0.5,-4027.1699312168566,12
0.5,-4027.0753964808173,12
0.5,-4022.6447770658574,12
0.5,-4024.389702948062,12
0.5,-4026.608142902876,12
0.5,-4022.0797847542894,12
0.5,-4023.6143002524004,12
0.5,-4021.357319963895,12
0.5,-4019.6673582445383,12
0.5,-4022.62953161844,12
0.5,-4027.456592838638,12
0.5,-4021.5203146094855,12
0.5,-4021.952866791977,12
0.5,-4022.444054413934,12
0.5,-4023.30144152793,12
0.5,-4021.5638708076717,12
0.5,-4022.6746189271653,12
0.5,-4021.4226778430593,12
0.5,-4024.076564359654,12
0.5,-4021.906379438634,12
0.5,-4020.1850843680354,12
0.5,-4023.3842077466506,12
0.5,-4017.0729082105945,12
0.5,-4024.2234020926726,12
0.5,-4022.384721568263,12
0.5,-4020.647360880492,12
0.5,-4022.9094542825133,12
0.5,-4019.0104532221826,12
0.5,-4021.477288060532,12
0.5,-4021.4071363594085,12
0.5,-4018.940163224448,12
0.5,-4017.9743142066404,12
0.5,-4023.3721074580803,12
0.5,-4023.8715896806475,12
0.5,-4021.4938289239713,12
0.5,-4026.3071936311408,12
0.5,-4024.7633351575228,12
0.5,-4020.275106580688,12
0.5,-4022.489011930542,12
0.5,-4022.65576095949,12
0.5,-4023.865829594516,12
0.5,-4022.864902295832,12
0.5,-4023.137312810087,12
0.5,-4021.874318179338,12
0.5,-4021.115896944662,12
0.5,-4025.471831680538,12
0.5,-4023.9282122965506,12
0.5,-4019.2727015537866,12
0.5,-4022.653750449957,12
0.5,-4025.5954645280153,12
0.5,-4016.0922281540134,12
0.5,-4022.4360173046634,12
0.5,-4021.456417013353,12
0.5,-4018.12992700653,12
0.5,-4020.755898287522,12
0.5,-4021.438226907074,12
0.5,-4022.480246232256,12
0.5,-4023.775696083709,12
0.5,-4025.825832173032,12
0.5,-4022.300173843684,12
0.5,-4024.0840848226885,12
0.5,-4023.1934181924325,12
0.5,-4019.110694976152,12
0.5,-4021.416650513055,12
0.5,-4017.6542392311926,12
0.5,-4021.6795161306036,12
0.5,-4026.588430006018,12
0.5,-4025.754440008544,12
0.5,-4024.8655686568413,12
0.5,-4025.1446280205114,12
0.5,-4024.3580424995266,12
0.5,-4025.83552083168,12
0.6,-4019.965470163518,12
0.6,-4023.756267701296,12
0.6,-4026.9498618487055,12
0.6,-4019.965196216546,12
0.6,-4019.730690898583,12
0.6,-4025.0490017418947,12
0.6,-4026.3816373328314,12
0.6,-4023.464049051736,12
0.6,-4022.7572107166025,12
0.6,-4020.332695303357,12
0.6,-4021.1939582563086,12
0.6,-4022.232111114199,12
0.6,-4015.17142655334,12
0.6,-4022.9544295710757,12
0.6,-4020.018703695209,12
0.6,-4023.976103363231,12
0.6,-4019.99312626414,12
0.6,-4022.4058056437307,12
0.6,-4020.753093486684,12
0.6,-4020.618558009608,12
0.6,-4022.821693850204,12
0.6,-4026.645849759594,12
0.6,-4022.61786164726,12
0.6,-4018.3273117013196,12
0.6,-4021.650552657417,12
0.6,-4022.7395162388375,12
0.6,-4026.4869888804974,12
0.6,-4022.403641723031,12
0.6,-4018.8979967002288,12
0.6,-4020.0523950750917,12
0.6,-4021.771970276423,12
0.6,-4026.92044427125,12
0.6,-4023.150268890205,12
0.6,-4021.4425278621547,12
0.6,-4018.237591845613,12
0.6,-4022.100915669452,12
0.6,-4023.27510877588,12
0.6,-4020.9519533449106,12
0.6,-4026.817773684729,12
0.6,-4022.605370390445,12
0.6,-4018.8065520794485,12
0.6,-4025.3044381424575,12
0.6,-4023.023665896273,12
0.6,-4019.965877418514,12
0.6,-4020.5550914259725,12
0.6,-4022.628064302853,12
0.6,-4023.211140348359,12
0.6,-4022.2644163120076,12
0.6,-4019.910830985522,12
0.6,-4026.974924819419,12
0.6,-4017.9559325871874,12
0.6,-4026.2411287014406,12
0.6,-4018.103613089148,12
0.6,-4018.40901056692,12
0.6,-4021.6187541058916,12
0.6,-4028.0463915599858,12
0.6,-4022.322177731959,12
0.6,-4022.9267823250398,12
0.6,-4022.4293704734237,12
0.6,-4022.218463413565,12
0.6,-4019.1012289596865,12
0.6,-4021.8232765043003,12
0.6,-4024.671121108378,12
0.6,-4025.9773485971555,12
0.6,-4019.7186736715425,12
0.6,-4023.255511385259,12
0.6,-4026.860720748489,12
0.6,-4020.0142789638326,12
0.6,-4021.9724341718884,12
0.6,-4023.539013573199,12
0.6,-4027.0044226215487,12
0.6,-4026.64486259602,12
0.6,-4025.6428692217905,12
0.6,-4018.7872317766282,12
0.6,-4023.3519484045532,12
0.6,-4020.079309977136,12
0.6,-4024.720823272121,12
0.6,-4020.6923011186127,12
0.6,-4018.6047992550416,12
0.6,-4024.501630453417,12
0.6,-4021.145606595771,12
0.6,-4025.393121329433,12
0.6,-4024.9085746068936,12
0.6,-4024.4398274672085,12
0.6,-4023.8545121319744,12
0.6,-4021.8160782962136,12
0.6,-4017.2415588648214,12
0.6,-4022.8748165060633,12
0.6,-4024.2354633577183,12
0.6,-4024.5572809869295,12
0.6,-4025.159117921374,12
0.6,-4021.594696694113,12
0.6,-4022.1795202957123,12
0.6,-4028.522046687733,12
0.6,-4022.4359254925453,12
0.6,-4020.3685031489827,12
0.6,-4019.7456183812264,12
0.6,-4020.5199457416306,12
0.6,-4018.568291109796,12
0.6,-4024.8398805639345,12
0.7,-4021.371763517761,12
0.7,-4019.385388223414,12
0.7,-4020.42671887576,12
0.7,-4020.5416930287224,12
0.7,-4020.009776947053,12
0.7,-4023.9546231297695,12
0.7,-4018.6219921463135,12
0.7,-4020.0055300531,12
0.7,-4018.925030000545,12
0.7,-4021.6219067472607,12
0.7,-4021.4291493528326,12
0.7,-4019.5819155529816,12
0.7,-4018.5254404775624,12
0.7,-4020.6251166462425,12
0.7,-4022.4596521127437,12
0.7,-4024.169611554385,12
0.7,-4020.861009182131,12
0.7,-4019.6035242132048,12
0.7,-4024.7715267689823,12
0.7,-4022.132924984371,12
0.7,-4017.5094696088013,12
0.7,-4024.0667465476563,12
0.7,-4022.7851791098083,12
0.7,-4022.3008003615005,12
0.7,-4021.2882107585287,12
0.7,-4021.122831922174,12
0.7,-4024.3856651674937,12
0.7,-4022.871570341451,12
0.7,-4022.462230650401,12
0.7,-4023.103555092862,12
0.7,-4024.6513850490114,12
0.7,-4026.186337824499,12
0.7,-4023.978060918968,12
0.7,-4021.9566352606535,12
0.7,-4022.3964551395597,12
0.7,-4019.519370494808,12
0.7,-4020.626680274249,12
0.7,-4023.4103653038464,12
0.7,-4020.7690329825764,12
0.7,-4018.4088117399347,12
0.7,-4018.708439630059,12
0.7,-4024.662794876671,12
0.7,-4023.465497715331,12
0.7,-4023.3611829185393,12
0.7,-4019.479263113403,12
0.7,-4021.360977559398,12
0.7,-4021.6334041259556,12
0.7,-4024.135228202705,12
0.7,-4023.801482580286,12
0.7,-4021.0508828428246,12
0.7,-4027.1938138836226,12
0.7,-4025.424435327117,12
0.7,-4021.737302343046,12
0.7,-4020.9756636840093,12
0.7,-4024.420457211687,12
0.7,-4021.6891989781093,12
0.7,-4024.1384379732053,12
0.7,-4022.5224558650666,12
0.7,-4026.2040464164506,12
0.7,-4024.022319571452,12
0.7,-4028.793239754311,12
0.7,-4020.42508514601,12
0.7,-4020.7572711818784,12
0.7,-4022.4563183262608,12
0.7,-4022.055034949873,12
0.7,-4024.450473490199,12
0.7,-4022.979698614204,12
0.7,-4025.9482160200073,12
0.7,-4025.541108960797,12
0.7,-4016.1362123129256,12
0.7,-4026.34905646978,12
0.7,-4019.9968032873,12
0.7,-4027.17923219004,12
0.7,-4023.7919523527357,12
0.7,-4025.843472968725,12
0.7,-4022.4821827409146,12
0.7,-4027.1047603366264,12
0.7,-4020.213838771544,12
0.7,-4021.0703966843635,12
0.7,-4019.133088285294,12
0.7,-4017.3968511515263,12
0.7,-4023.0274847076216,12
0.7,-4025.3978396737557,12
0.7,-4020.7489705358194,12
0.7,-4028.6972095065157,12
0.7,-4021.4785798347593,12
0.7,-4021.2193211918825,12
0.7,-4021.6316274121873,12
0.7,-4019.6076903314597,12
0.7,-4025.4560011321855,12
0.7,-4022.6469370502355,12
0.7,-4023.0040171506967,12
0.7,-4025.258361380595,12
0.7,-4022.6315133047015,12
0.7,-4019.886145358614,12
0.7,-4022.7513273313575,12
0.7,-4024.7847255706715,12
0.7,-4027.044498344465,12
0.7,-4023.1283568903104,12
0.7,-4022.8653434119014,12
0.8,-4021.9445600145823,12
0.8,-4018.6809733400937,12
0.8,-4021.6510679965477,12
0.8,-4027.8027533610048,12
0.8,-4021.2534481470084,12
0.8,-4022.2042701987352,12
0.8,-4025.096569191508,12
0.8,-4023.4513866876773,12
0.8,-4021.113755498628,12
0.8,-4027.802562512826,12
0.8,-4020.2679418803573,12
0.8,-4024.7424141276056,12
0.8,-4022.6132100729205,12
0.8,-4021.026675250706,12
0.8,-4024.4612801814014,12
0.8,-4021.3883459664003,12
0.8,-4025.0904500735637,12
0.8,-4023.424783708421,12
0.8,-4024.275605391647,12
0.8,-4023.9923137482974,12
0.8,-4023.144012575481,12
0.8,-4021.979844934713,12
0.8,-4023.7795300752223,12
0.8,-4020.314296220489,12
0.8,-4022.284566332366,12
0.8,-4023.418346462931,12
0.8,-4023.3458098824512,12
0.8,-4023.221811488126,12
0.8,-4022.8174400266926,12
0.8,-4017.5451508861256,12
0.8,-4018.969762018597,12
0.8,-4023.0278211735827,12
0.8,-4021.531261295194,12
0.8,-4022.407722033648,12
0.8,-4021.4238969236753,12
0.8,-4023.1331069629496,12
0.8,-4025.55536110018,12
0.8,-4018.0795113353306,12
0.8,-4020.8586437645804,12
0.8,-4022.024410364812,12
0.8,-4023.871987949635,12
0.8,-4028.319960883908,12
0.8,-4027.9190695576426,12
0.8,-4024.848129045116,12
0.8,-4018.8064600064013,12
0.8,-4022.2146360431757,12
0.8,-4021.113328091963,12
0.8,-4025.586721696358,12
0.8,-4025.7873404364996,12
0.8,-4026.4116884922937,12
0.8,-4021.341479047868,12
0.8,-4026.2636735193087,12
0.8,-4016.247527322245,12
0.8,-4021.896084255044,12
0.8,-4023.8962963924105,12
0.8,-4023.6545504186124,12
0.8,-4023.586287924408,12
0.8,-4023.220795022029,12
0.8,-4021.990359886672,12
0.8,-4023.329533374702,12
0.8,-4018.562275891167,12
0.8,-4022.386178456681,12
0.8,-4024.6364309207506,12
0.8,-4022.059446662592,12
0.8,-4021.12874267774,12
0.8,-4020.739977917738,12
0.8,-4026.457350943522,12
0.8,-4021.081562353197,12
0.8,-4020.4227649023014,12
0.8,-4025.459510762383,12
0.8,-4021.5963041710875,12
0.8,-4024.9669433930258,12
0.8,-4015.93485076127,12
0.8,-4026.465689780818,12
0.8,-4024.1686778048615,12
0.8,-4024.220088475788,12
0.8,-4018.6540017608186,12
0.8,-4026.031817690258,12
0.8,-4021.5354847513167,12
0.8,-4021.709338626451,12
0.8,-4024.1492731861167,12
0.8,-4026.346013305732,12
0.8,-4021.684017584884,12
0.8,-4024.562150611088,12
0.8,-4022.812619619343,12
0.8,-4023.072404633876,12
0.8,-4020.0108346513466,12
0.8,-4023.7653123725086,12
0.8,-4028.512766375499,12
0.8,-4021.3502141271024,12
0.8,-4025.4132347528093,12
0.8,-4022.679727263801,12
0.8,-4019.740934021386,12
0.8,-4021.8197493002763,12
0.8,-4023.7357125304134,12
0.8,-4024.8695794462346,12
0.8,-4026.703192751926,12
0.8,-4023.400060816517,12
0.8,-4026.994733367166,12
0.8,-4023.9870822093135,12
0.9,-4022.4112339983362,12
0.9,-4016.156359040728,12
0.9,-4021.1270344624395,12
0.9,-4024.6187810426873,12
0.9,-4021.9468139155238,12
0.9,-4022.733877289837,12
0.9,-4018.6250377174715,12
0.9,-4022.059216171603,12
0.9,-4025.38785613706,12
0.9,-4019.6209807088785,12
0.9,-4020.076269329498,12
0.9,-4025.225422105457,12
0.9,-4023.0246183442496,12
0.9,-4018.350354550276,12
0.9,-4018.5996734294986,12
0.9,-4023.535002979716,12
0.9,-4022.3596383620697,12
0.9,-4020.6025030066735,12
0.9,-4019.741286669161,12
0.9,-4023.47332338288,12
0.9,-4019.8172993730454,12
0.9,-4023.604868748413,12
0.9,-4022.1701375909574,12
0.9,-4023.650238071515,12
0.9,-4025.08466059652,12
0.9,-4022.6641837023667,12
0.9,-4023.359142701915,12
0.9,-4022.983882930063,12
0.9,-4021.3892786764713,12
0.9,-4016.7574858123303,12
0.9,-4027.5518535107462,12
0.9,-4023.4169064440384,12
0.9,-4024.924883425366,12
0.9,-4026.909673755888,12
0.9,-4020.7174720617404,12
0.9,-4022.8222239801444,12
0.9,-4019.1969956124913,12
0.9,-4023.6362456087795,12
0.9,-4022.725946339913,12
0.9,-4023.7276492931887,12
0.9,-4020.114929557123,12
0.9,-4019.676250580584,12
0.9,-4015.5565849204204,12
0.9,-4024.9579437244456,12
0.9,-4021.3724225766287,12
0.9,-4019.668247663572,12
0.9,-4022.10468926103,12
0.9,-4021.874127216974,12
0.9,-4017.7795504869932,12
0.9,-4024.595130147502,12
0.9,-4024.902519224123,12
0.9,-4022.815467953357,12
0.9,-4022.870164558221,12
0.9,-4024.7688041297774,12
0.9,-4024.7955690825543,12
0.9,-4026.7471326893374,12
0.9,-4022.145283515475,12
0.9,-4022.5141966773754,12
0.9,-4022.303314684466,12
0.9,-4023.0116624747807,12
0.9,-4021.9043572396517,12
0.9,-4023.178862831389,12
0.9,-4025.339685119094,12
0.9,-4018.8035512443385,12
0.9,-4024.882557672129,12
0.9,-4020.446967005504,12
0.9,-4022.3923827685353,12
0.9,-4022.2863015816583,12
0.9,-4019.12842078693,12
0.9,-4020.253659254173,12
0.9,-4024.1282642925003,12
0.9,-4017.2803051744786,12
0.9,-4022.28752036009,12
0.9,-4025.3415651217506,12
0.9,-4026.392993635599,12
0.9,-4023.185909924648,12
0.9,-4017.806700406645,12
0.9,-4023.3535029413483,12
0.9,-4021.4222997680713,12
0.9,-4019.684867215104,12
0.9,-4021.473159742808,12
0.9,-4021.3284427382437,12
0.9,-4020.8417899690103,12
0.9,-4024.8506654604066,12
0.9,-4021.1720945177008,12
0.9,-4023.0497943298187,12
0.9,-4021.257522660189,12
0.9,-4026.4944715787387,12
0.9,-4022.8332357039076,12
0.9,-4021.281832153011,12
0.9,-4021.4855264695307,12
0.9,-4025.535166776934,12
0.9,-4022.4328170413364,12
0.9,-4018.9076180098346,12
0.9,-4024.35901600691,12
0.9,-4018.33387170251,12
0.9,-4015.8099219311744,12
0.9,-4020.9076248921347,12
0.9,-4023.9486222768937,12
0.9,-4020.346644664382,12
1.0,-4020.3909373063175,12
1.0,-4019.579798873475,12
1.0,-4020.4288685682845,12
1.0,-4024.668290101385,12
1.0,-4023.2037325870565,12
1.0,-4023.4613366687395,12
1.0,-4021.064940957917,12
1.0,-4020.892865618715,12
1.0,-4021.6761467696692,12
1.0,-4018.548143339817,12
1.0,-4022.5684392923185,12
1.0,-4022.77332651927,12
1.0,-4020.571075177634,12
1.0,-4023.0307918696576,12
1.0,-4024.071771318935,12
1.0,-4022.0647191372454,12
1.0,-4022.0427886139555,12
1.0,-4023.0014534357933,12
1.0,-4019.8234323782212,12
1.0,-4021.4830815527816,12
1.0,-4023.263513227281,12
1.0,-4020.990721065713,12
1.0,-4025.4042494429136,12
1.0,-4020.9325916576245,12
1.0,-4022.812413906979,12
1.0,-4021.1502094827,12
1.0,-4015.8088960699397,12
1.0,-4023.5645475498245,12
1.0,-4022.4370404290135,12
1.0,-4024.3531765255825,12
1.0,-4022.50092582591,12
1.0,-4025.116509203695,12
1.0,-4015.603794339047,12
1.0,-4025.6997559678043,12
1.0,-4021.962025846449,12
1.0,-4024.913480412056,12
1.0,-4023.0240959951907,12
1.0,-4025.1302168678617,12
1.0,-4025.2011002196355,12
1.0,-4024.346732522601,12
1.0,-4017.61863901967,12
1.0,-4013.536289816202,12
1.0,-4019.3832996368374,12
1.0,-4023.907437151197,12
1.0,-4020.6419312794155,12
1.0,-4028.50649973784,12
1.0,-4023.354343700548,12
1.0,-4023.86464295818,12
1.0,-4015.164892802722,12
1.0,-4026.237702808038,12
1.0,-4023.8086766587335,12
1.0,-4020.5539529531857,12
1.0,-4017.3188562820324,12
1.0,-4023.865399604699,12
1.0,-4028.125491327545,12
1.0,-4019.145412942871,12
1.0,-4019.868403811885,12
1.0,-4021.431715333781,12
1.0,-4024.1911400291765,12
1.0,-4024.1242608588527,12
1.0,-4019.714251591074,12
1.0,-4018.4679910755494,12
1.0,-4024.175247761339,12
1.0,-4024.696637631316,12
1.0,-4024.4849369528183,12
1.0,-4026.29214219359,12
1.0,-4024.17495503013,12
1.0,-4021.5870071561035,12
1.0,-4019.5873507538986,12
1.0,-4021.7739371197345,12
1.0,-4020.75004718316,12
1.0,-4021.7648677144125,12
1.0,-4024.7546871009245,12
1.0,-4022.459485834703,12
1.0,-4024.657174370296,12
1.0,-4025.1231472091154,12
1.0,-4022.4033550424983,12
1.0,-4020.864775741942,12
1.0,-4020.954494516065,12
1.0,-4021.5219621408373,12
1.0,-4025.876217386265,12
1.0,-4025.736947812677,12
1.0,-4023.606956575251,12
1.0,-4023.8484622759556,12
1.0,-4024.549491820088,12
1.0,-4021.0587325960482,12
1.0,-4019.0711009007327,12
1.0,-4025.3726091406334,12
1.0,-4020.319157721113,12
1.0,-4022.622064801113,12
1.0,-4021.436798904146,12
1.0,-4021.973485626215,12
1.0,-4022.3131468764814,12
1.0,-4023.364189678077,12
1.0,-4025.1145165533385,12
1.0,-4024.630665356062,12
1.0,-4022.9739384073996,12
1.0,-4022.2671127949634,12
1.0,-4027.8701154664896,12
1.0,-4027.6356482542947,12
